15
GEOM_190_190
C    -0.8067180    0.0475439    1.5251484 
S     0.3116624    0.2691858    0.0786324 
H    -0.2255019   -0.2220590    2.4060774 
H    -1.4979938   -0.7535269    1.2757967 
H    -1.3445395    0.9720244    1.7264612 
C    -2.1205800   -0.4735630   -2.1644300
S    -0.9092240   -1.5533500   -1.3169400 
H    -2.8718400   -0.0888163   -1.4706700 
H    -2.6346200   -1.0432000   -2.9430300 
H    -1.6183900    0.3758920   -2.6309000 
C     3.1229300    1.4250100    2.4383800 
S     1.8799500    2.4853500    1.6154300 
H     3.8761600    2.0572600    2.9151400
H     2.6704700    0.7940640    3.2072400 
H     3.6191600    0.7799270    1.7118400 