-0.2062455
-0.07710098
0.09017105
0.0980419
0.09132186
-0.18460881
-0.37747819
0.08970457
0.08775686
0.09059549
-0.1554918
-0.81200354
0.08805098
0.08921508
0.08807103
-0.20820894
-0.07631251
0.09019447
0.0976565
0.09134442
-0.18461787
-0.39002105
0.08969446
0.08766099
0.09045385
-0.1567368
-0.79647429
0.08803031
0.08925754
0.08807891
-0.23663868
-0.0656332
0.09048217
0.09283049
0.09163689
-0.18490889
-0.52288635
0.08956438
0.0867502
0.08883363
-0.17538785
-0.61983832
0.08712242
0.08982937
0.08824374
-0.20273471
-0.07868865
0.09012684
0.0987561
0.09127975
-0.18459453
-0.35318628
0.08972325
0.08794741
0.09086593
-0.1532717
-0.84148933
0.08807164
0.08913461
0.08805965
-0.24043076
-0.0638575
0.09051688
0.09226856
0.0916741
-0.18497458
-0.53617613
0.08954872
0.08667001
0.08865507
-0.17799359
-0.60101798
0.08694809
0.08989566
0.08827344
-0.22958798
-0.06861355
0.09041613
0.09391981
0.09156729
-0.18480483
-0.49603084
0.08959441
0.08691869
0.08918337
-0.17062615
-0.65725704
0.08742346
0.08969553
0.08820168
-0.22324163
-0.07099878
0.0903546
0.09495489
0.09150378
-0.18473016
-0.4690476
0.08962254
0.08709612
0.08952164
-0.16642567
-0.69400248
0.08766021
0.08957595
0.0881566
-0.24440397
-0.06185563
0.09055279
0.09169719
0.09171307
-0.18505042
-0.54934608
0.08953264
0.08659265
0.08847415
-0.18075593
-0.58216689
0.08675309
0.08996412
0.08829921
-0.21031964
-0.07551683
0.0902188
0.0972519
0.09136806
-0.18462881
-0.40279711
0.0896838
0.08756513
0.09030804
-0.15808068
-0.78044556
0.08799997
0.08930763
0.0880853
-0.24855936
-0.05960118
0.09058992
0.09111726
0.09175383
-0.18513759
-0.56236265
0.08951619
0.08651842
0.08829112
-0.18368341
-0.56334527
0.08654152
0.09003449
0.0883267
-0.21499989
-0.07386243
0.09027023
0.09638681
0.09141866
-0.18465838
-0.42891184
0.0896609
0.08737465
0.09000461
-0.16107506
-0.74702669
0.0879014
0.08940618
0.08811083
-0.2044224
-0.07789076
0.09014851
0.09840856
0.09130033
-0.18460115
-0.36519198
0.08971416
0.08785244
0.09073287
-0.15433875
-0.8270173
0.08806591
0.08917551
0.08806405
-0.21258233
-0.07470398
0.09024406
0.09682845
0.0913928
-0.18464213
-0.41577475
0.08967262
0.08746955
0.09015821
-0.15952363
-0.76394708
0.08795488
0.08935724
0.0880961
-0.22632702
-0.06986895
0.0903848
0.09444481
0.0915348
-0.18476438
-0.48253474
0.08960873
0.08700644
0.08935407
-0.168458
-0.6757422
0.08754718
0.08963641
0.08817804
-0.22032733
-0.07202703
0.09032547
0.09544901
0.09147411
-0.18470171
-0.45558965
0.08963585
0.0871876
0.08968607
-0.16452047
-0.71200375
0.08775464
0.08951422
0.08814296
-0.21758091
-0.07297541
0.09029736
0.09592667
0.09144576
-0.18467802
-0.44219843
0.08964864
0.08728055
0.08984713
-0.16273792
-0.72969261
0.08783217
0.08945977
0.08812525
-0.23302386
-0.06721073
0.09044858
0.0933815
0.09160129
-0.18485273
-0.50949028
0.08957963
0.0868332
0.08900984
-0.17293378
-0.63860594
0.08728034
0.0897606
0.08822237
