-0.2595444  
0.06951800 
0.05894881 
0.07129154
0.05901469
-0.17426510
-0.46848564
0.05229172
0.03324470
0.05535347
-0.17351891
-0.46450933
0.03349467
0.05241623
0.05474955
-0.25593990
0.06674647
0.05923423
0.07071804
0.05935321
-0.17515805
-0.46086833
0.05265670
0.03346863
0.05611692
-0.16965572
-0.47585834
0.03344005
0.05158162
0.05416445
-0.25252042
0.06420002
0.05955720
0.07014928
0.05971759
-0.17606036
-0.45317056
0.05303537
0.03370914
0.05688271
-0.16594303
-0.48727469
0.03338387
0.05075761
0.05357626
-0.24928074
0.06186890
0.05991531
0.06958674
0.06010544
-0.17696861
-0.44541148
0.05342627
0.03396542
0.05764942
-0.16235913
-0.49873441
0.03331894
0.04994039
0.05297754
-0.24621212
0.05973971
0.06030653
0.06902934
0.06051577
-0.17788070
-0.43759871
0.05382883
0.03423678
0.05841666
-0.15891360
-0.51023249
0.03325286
0.04912879
0.05238234
-0.24331179
0.05780425
0.06072775
0.06847824
0.06094665
-0.17879245
-0.42975535
0.05424148
0.03452212
0.05918257
-0.15560434
-0.52173990
0.03318473
0.04833036
0.05178568
-0.24057268
0.05604992
0.06117652
0.06793434
0.06139607
-0.17970163
-0.42189402
0.05466306
0.03482065
0.05994629
-0.15241368
-0.53324077
0.03310895
0.04754528
0.05118170
-0.23799131
0.05446829
0.06165033
0.06739867
0.06186182
-0.18060429
-0.41403854
0.05509196
0.03513110
0.06070588
-0.14934979
-0.54470719
0.03303495
0.04676853
0.05057959
-0.23555962
0.05304563
0.06214695
0.06687098
0.06234291
-0.18149896
-0.40619698
0.05552751
0.03545284
0.06146090
-0.14639819
-0.55612868
0.03295164
0.04599974
0.04998332
-0.23327272
0.05177236
0.06266351
0.06635292
0.06283705
-0.18238302
-0.39838681
0.05596821
0.03578484
0.06221001
-0.14355241
-0.56748356
0.03286097
0.04524692
0.04938174
-0.23112541
0.05063893
0.06319762
0.06584517
0.06334242
-0.18325385
-0.39062646
0.05641274
0.03612595
0.06295179
-0.14082390
-0.57875202
0.03277414
0.04450709
0.04878578
-0.22911374
0.04963590
0.06374611
0.06534924
0.06385701
-0.18410867
-0.38293724
0.05685952
0.03647499
0.06368456
-0.13819558
-0.58990497
0.03267710
0.04378377
0.04819200
-0.22722849
0.04875227
0.06430804
0.06486507
0.06437967
-0.18494728
-0.37532095
0.05730810
0.03683152
0.06440840
-0.13566931
-0.60094391
0.03258185
0.04307078
0.04760426
-0.22546567
0.04797944
0.06488050
0.06439412
0.06490850
-0.18576720
-0.36779771
0.05775697
0.03719438
0.06512171
-0.13323049
-0.61184360
0.03247694
0.04236865
0.04702346
-0.22382014
0.04730936
0.06546098
0.06393721
0.06544194
-0.18656681
-0.36038227
0.05820494
0.03756251
0.06582339
-0.13088874
-0.62258561
0.03236940
0.04168693
0.04644688
-0.22228592
0.04673429
0.06604760
0.06349555
0.06597829
-0.18734504
-0.35308483
0.05865097
0.03793512
0.06651279
-0.12864092
-0.63316131
0.03226340
0.04102252
0.04587747
-0.22085733
0.04624462
0.06663891
0.06306927
0.06651608
-0.18810094
-0.34591538
0.05909422
0.03831131
0.06718895
-0.12647252
-0.64355515
0.03215191
0.04036978
0.04531625
-0.21952875
0.04583316
0.06723277
0.06265911
0.06705445
-0.18883389
-0.33888218
0.05953391
0.03869042
0.06785150
-0.12438060
-0.65375683
0.03203127
0.03973099
0.04476467
-0.21829488
0.04549420
0.06782764
0.06226575
0.06759186
-0.18954337
-0.33199270
0.05996917
0.03907167
0.06849988
-0.12237582
-0.66376260
0.03191612
0.03911131
0.04422177
-0.21715106
0.04522173
0.06842148
0.06188998
0.06812714
-0.19022864
-0.32525720
0.06039911
0.03945423
0.06913341
-0.12045014
-0.67355977
0.03179971
0.03851109
0.04368895
-0.21609179
0.04500874
0.06901349
0.06153172
0.06865916
-0.19088954
-0.31868098
0.06082314
0.03983745
0.06975147
-0.11858744
-0.68313728
0.03167537
0.03792432
0.04316217
-0.21511129
0.04485073
0.06960270
0.06119139
0.06918745
-0.19152658
-0.31226340
0.06124101
0.04022108
0.07035451
-0.11679635
-0.69250394
0.03155201
0.03735024
0.04265045
-0.21420546
0.04474295
0.07018751
0.06086927
0.06971101
-0.19213937
-0.30601132
0.06165202
0.04060434
0.07094193
-0.11507459
-0.70165071
0.03142827
0.03679474
0.04214942
-0.21337020
0.04468110
0.07076639
0.06056573
0.07022894
-0.19272792
-0.29992974
0.06205558
0.04098662
0.07151344
-0.11341696
-0.71056879
0.03130171
0.03626071
0.04165340
-0.21260013
0.04466001
0.07133976
0.06028030
0.07074049
-0.19329297
-0.29401563
0.06245160
0.04136766
0.07206920
-0.11182165
-0.71926572
0.03117816
0.03573733
0.04117159
-0.21189102
0.04467605
0.07190638
0.06001308
0.07124566
-0.19383495
-0.28826849
0.06283996
0.04174720
0.07260949
-0.11027966
-0.72774259
0.03104899
0.03522579
0.04070411
-0.21123942
0.04472629
0.07246511
0.05976401
0.07174369
-0.19435403
-0.28269136
0.06322020
0.04212466
0.07313406
-0.10879353
-0.73599382
0.03091750
0.03473490
0.04024174
-0.21064124
0.04480815
0.07301590
0.05953288
0.07223411
-0.19485104
-0.27728083
0.06359229
0.04249988
0.07364327
-0.10737034
-0.74402963
0.03079377
0.03426052
0.03979232
-0.21009317
0.04491888
0.07355798
0.05931971
0.07271632
-0.19532614
-0.27203904
0.06395587
0.04287240
0.07413699
-0.10599325
-0.75184541
0.03066722
0.03379750
0.03935415
-0.20959092
0.04505509
0.07409142
0.05912376
0.07319084
-0.19578047
-0.26695871
0.06431134
0.04324232
0.07461589
-0.10465545
-0.75944867
0.03053246
0.03334642
0.03892469
-0.20913167
0.04521586
0.07461583
0.05894490
0.07365705
-0.19621464
-0.26203800
0.06465850
0.04360937
0.07508019
-0.10337420
-0.76684822
0.03040639
0.03291172
0.03850692
-0.20871237
0.04539847
0.07513074
0.05878275
0.07411488
-0.19662920
-0.25727464
0.06499739
0.04397332
0.07553014
-0.10213953
-0.77404546
0.03028077
0.03249249
0.03810024
-0.20833047
0.04560100
0.07563571
0.05863710
0.07456378
-0.19702461
-0.25266839
0.06532779
0.04433384
0.07596572
-0.10093689
-0.78103604
0.03015029
0.03208400
0.03769718
-0.20798245
0.04582163
0.07613155
0.05850710
0.07500450
-0.19740219
-0.24820841
0.06565034
0.04469131
0.07638799
-0.09978107
-0.78784137
0.03002151
0.03168687
0.03731269
-0.20766627
0.04605942
0.07661770
0.05839249
0.07543665
-0.19776234
-0.24389417
0.06596488
0.04504540
0.07679699
-0.09866076
-0.79446003
0.02989476
0.03130107
0.03693421
-0.20737958
0.04631251
0.07709387
0.05829283
0.07586026
-0.19810567
-0.23972268
0.06627148
0.04539596
0.07719300
-0.09757366
-0.80089327
0.02976573
0.03092908
0.03656015
-0.20712039
0.04658024
0.07756008
0.05820783
0.07627497
-0.19843284
-0.23569021
0.06657018
0.04574289
0.07757637
-0.09652632
-0.80715061
0.02964191
0.03056967
0.03619623
-0.20688591
0.04686051
0.07801694
0.05813669
0.07668163
-0.19874472
-0.23178866
0.06686156
0.04608651
0.07794783
-0.09551510
-0.81324178
0.02951684
0.03022044
0.03584721
-0.20667452
0.04715198
0.07846419
0.05807915
0.07707985
-0.19904177
-0.22801654
0.06714554
0.04642661
0.07830747
-0.09451904
-0.81916425
0.02938501
0.02987642
0.03549992
-0.20648458
0.04745478
0.07890208
0.05803469
0.07746965
-0.19932483
-0.22436818
0.06742232
0.04676324
0.07865584
-0.09356387
-0.82493231
0.02926422
0.02954529
0.03516166
-0.20631449
0.04776722
0.07933013
0.05800287
0.07785126
-0.19959424
-0.22084160
0.06769196
0.04709621
0.07899318
-0.09263935
-0.83054508
0.02914210
0.02922686
0.03483295
-0.20616254
0.04808775
0.07974933
0.05798319
0.07822449
-0.19985099
-0.21742975
0.06795476
0.04742577
0.07931990
-0.09172691
-0.83600860
0.02901464
0.02891337
0.03450560
-0.20602721
0.04841597
0.08015940
0.05797510
0.07859001
-0.20009553
-0.21412855
0.06821100
0.04775190
0.07963658
-0.09084996
-0.84133280
0.02889059
0.02860892
0.03419457
-0.20590723
0.04875088
0.08056027
0.05797813
0.07894776
-0.20032830
-0.21093544
0.06846074
0.04807446
0.07994337
-0.08999737
-0.84651829
0.02876938
0.02831344
0.03388818
-0.20580179
0.04909200
0.08095190
0.05799221
0.07929757
-0.20054999
-0.20784545
0.06870413
0.04839361
0.08024077
-0.08916105
-0.85156989
0.02864598
0.02802926
0.03358074
-0.20570907
0.04943733
0.08133513
0.05801640
0.07963962
-0.20076106
-0.20485514
0.06894140
0.04870925
0.08052889
-0.08835031
-0.85649323
0.02852785
0.02774869
0.03328423
-0.20562809
0.04978590
0.08170961
0.05805045
0.07997455
-0.20096188
-0.20196037
0.06917283
0.04902148
0.08080830
-0.08756297
-0.86129295
0.02840532
0.02747622
0.03300161
-0.20555828
0.05013774
0.08207565
0.05809421
0.08030194
-0.20115316
-0.19915677
0.06939849
0.04933044
0.08107927
-0.08678392
-0.86597206
0.02828133
0.02721081
0.03271428
-0.20549863
0.05049209
0.08243304
0.05814710
0.08062199
-0.20133512
-0.19644274
0.06961846
0.04963591
0.08134204
-0.08603745
-0.87053587
0.02816753
0.02695635
0.03243530
-0.20544780
0.05084640
0.08278242
0.05820850
0.08093487
-0.20150822
-0.19381451
0.06983299
0.04993791
0.08159673
-0.08530432
-0.87498483
0.02805112
0.02670401
0.03216474
-0.20540552
0.05120027
0.08312362
0.05827849
0.08124080
-0.20167302
-0.19126643
0.07004234
0.05023679
0.08184399
-0.08458023
-0.87932504
0.02792600
0.02645867
0.03189927
-0.20537096
0.05155348
0.08345688
0.05835638
0.08153976
-0.20182983
-0.18879701
0.07024655
0.05053232
0.08208389
-0.08388054
-0.88356049
0.02781188
0.02621978
0.03163790
-0.20534330
0.05190427
0.08378208
0.05844180
0.08183202
-0.20197893
-0.18640367
0.07044578
0.05082444
0.08231666
-0.08320221
-0.88769244
0.02769950
0.02598995
0.03138404
-0.20532226
0.05225202
0.08409949
0.05853471
0.08211712
-0.20212080
-0.18408305
0.07064007
0.05111328
0.08254255
-0.08252435
-0.89172098
0.02758122
0.02576301
0.03112798
-0.20530679
0.05259526
0.08440953
0.05863449
0.08239589
-0.20225574
-0.18183102
0.07082981
0.05139896
0.08276193
-0.08187156
-0.89565511
0.02746624
0.02554136
0.03088675
-0.20529650
0.05293317
0.08471193
0.05874084
0.08266817
-0.20238397
-0.17964678
0.07101496
0.05168130
0.08297486
-0.08123393
-0.89949264
0.02735427
0.02532591
0.03064842
-0.20529127
0.05326482
0.08500679
0.05885376
0.08293379
-0.20250591
-0.17752683
0.07119563
0.05196046
0.08318162
-0.08060389
-0.90323557
0.02723979
0.02511866
0.03040817
-0.20529047
0.05358929
0.08529423
0.05897269
0.08319270
-0.20262172
-0.17547055
0.07137183
0.05223618
0.08338224
-0.07999212
-0.90688538
0.02713201
0.02491361
0.03017546
-0.20529331
0.05390466
0.08557447
0.05909730
0.08344570
-0.20273166
-0.17347363
0.07154394
0.05250871
0.08357709
-0.07939682
-0.91044629
0.02701956
0.02471393
0.02995635
-0.20529998
0.05421091
0.08584753
0.05922760
0.08369224
-0.20283618
-0.17153370
0.07171193
0.05277809
0.08376635
-0.07880267
-0.91391765
0.02690590
0.02451900
0.02973061
-0.20530983
0.05450709
0.08611355
0.05936302
0.08393258
-0.20293541
-0.16964957
0.07187591
0.05304416
0.08395013
-0.07823286
-0.91730385
0.02680188
0.02432992
0.02951327
-0.20532263
0.05479177
0.08637217
0.05950336
0.08416669
-0.20302950
-0.16782019
0.07203586
0.05330678
0.08412851
-0.07766933
-0.92060162
0.02669202
0.02414801
0.02929811
-0.20533797
0.05506460
0.08662417
0.05964843
0.08439490
-0.20311890
-0.16604083
0.07219213
0.05356633
0.08430186
-0.07712940
-0.92381859
0.02658887
0.02397115
0.02909324
-0.20535545
0.05532576
0.08686864
0.05979791
0.08461738
-0.20320426
-0.16431045
0.07234460
0.05382221
0.08447022
-0.07658955
-0.92694951
0.02648074
0.02379147
0.02889029
-0.20537525
0.05557135
0.08710681
0.05995163
0.08483363
-0.20328471
-0.16262901
0.07249345
0.05407510
0.08463366
-0.07606462
-0.92999876
0.02637536
0.02362183
0.02868955
-0.20539723
0.05580259
0.08733804
0.06010948
0.08504377
-0.20336096
-0.16099427
0.07263865
0.05432467
0.08479237
-0.07555819
-0.93296801
0.02627619
0.02345915
0.02849376
-0.20542076
0.05601757
0.08756283
0.06027103
0.08524793
-0.20343322
-0.15940455
0.07278033
0.05457090
0.08494633
-0.07505649
-0.93585590
0.02617536
0.02329637
0.02830226
-0.20544577
0.05621557
0.08778084
0.06043617
0.08544652
-0.20350156
-0.15785808
0.07291865
0.05481383
0.08509583
-0.07456766
-0.93866287
0.02606864
0.02313981
0.02812007
-0.20547230
0.05639707
0.08799239
0.06060471
0.08563921
-0.20356630
-0.15635313
0.07305359
0.05505349
0.08524095
-0.07409454
-0.94139344
0.02597240
0.02298739
0.02793851
-0.20550020
0.05656106
0.08819718
0.06077644
0.08582614
-0.20362751
-0.15488903
0.07318519
0.05528975
0.08538182
-0.07363610
-0.94404682
0.02587838
0.02284216
0.02776154
-0.20552898
0.05670601
0.08839575
0.06095099
0.08600738
-0.20368538
-0.15346425
0.07331356
0.05552263
0.08551838
-0.07317894
-0.94661945
0.02577896
0.02269850
0.02758484
-0.25599959
0.06686655
0.05853310
0.07218561
0.05858674
-0.17031396
-0.47995712
0.05148628
0.03320000
0.05475889
-0.17442943
-0.45694171
0.03372630
0.05279770
0.05550063
-0.25254018
0.06402920
0.05881914
0.07161337
0.05892558
-0.17123543
-0.47222129
0.05186079
0.03342609
0.05551762
-0.17059348
-0.46816033
0.03367386
0.05197354
0.05491152
-0.24925538
0.06141366
0.05914230
0.07104451
0.05928965
-0.17216577
-0.46440223
0.05224879
0.03366863
0.05627932
-0.16690621
-0.47945516
0.03361956
0.05115917
0.05431916
-0.24614102
0.05901071
0.05950003
0.07048050
0.05967676
-0.17310123
-0.45651879
0.05264887
0.03392678
0.05704264
-0.16334595
-0.49080237
0.03355628
0.05035053
0.05371624
-0.24318841
0.05680759
0.05989061
0.06992040
0.06008595
-0.17404020
-0.44857854
0.05306053
0.03419997
0.05780720
-0.15992222
-0.50219777
0.03349155
0.04954669
0.05311666
-0.24039533
0.05479667
0.06031095
0.06936536
0.06051540
-0.17497855
-0.44060451
0.05348222
0.03448712
0.05857117
-0.15663297
-0.51361261
0.03342451
0.04875512
0.05251545
-0.23775528
0.05296578
0.06075871
0.06881637
0.06096320
-0.17591415
-0.43260918
0.05391282
0.03478747
0.05933369
-0.15346063
-0.52503115
0.03334958
0.04797602
0.05190675
-0.23526514
0.05130713
0.06123144
0.06827452
0.06142720
-0.17684309
-0.42461659
0.05435073
0.03509979
0.06009285
-0.15041335
-0.53642577
0.03327616
0.04720441
0.05129971
-0.23291739
0.04980733
0.06172698
0.06773961
0.06190649
-0.17776399
-0.41663469
0.05479531
0.03542348
0.06084815
-0.14747670
-0.54778595
0.03319318
0.04643993
0.05069826
-0.23070764
0.04845734
0.06224253
0.06721337
0.06239885
-0.17867424
-0.40868125
0.05524506
0.03575752
0.06159826
-0.14464432
-0.55909002
0.03310262
0.04569061
0.05009130
-0.22863112
0.04724809
0.06277576
0.06669655
0.06290251
-0.17957125
-0.40077495
0.05569867
0.03610079
0.06234173
-0.14192765
-0.57031803
0.03301566
0.04495351
0.04948971
-0.22668424
0.04617070
0.06332353
0.06619076
0.06341551
-0.18045218
-0.39293764
0.05615456
0.03645213
0.06307685
-0.13930972
-0.58144083
0.03291830
0.04423218
0.04889009
-0.22485834
0.04521431
0.06388494
0.06569597
0.06393674
-0.18131686
-0.38517108
0.05661227
0.03681111
0.06380365
-0.13679239
-0.59245958
0.03282251
0.04352048
0.04829627
-0.22314976
0.04437065
0.06445712
0.06521373
0.06446433
-0.18216277
-0.37749585
0.05707030
0.03717654
0.06452053
-0.13436114
-0.60334873
0.03271688
0.04281899
0.04770917
-0.22155375
0.04363193
0.06503757
0.06474494
0.06499675
-0.18298825
-0.36992708
0.05752746
0.03754740
0.06522631
-0.13202565
-0.61408944
0.03260844
0.04213728
0.04712611
-0.22006476
0.04299063
0.06562443
0.06429086
0.06553232
-0.18379220
-0.36247532
0.05798269
0.03792287
0.06592032
-0.12978284
-0.62467266
0.03250135
0.04147230
0.04655002
-0.21867744
0.04243745
0.06621627
0.06385170
0.06606958
-0.18457365
-0.35515091
0.05843514
0.03830207
0.06660157
-0.12761829
-0.63508255
0.03238865
0.04081845
0.04598194
-0.21738650
0.04196544
0.06681097
0.06342826
0.06660771
-0.18533193
-0.34796254
0.05888402
0.03868433
0.06726964
-0.12552908
-0.64530839
0.03226667
0.04017805
0.04542333
-0.21618696
0.04156915
0.06740697
0.06302133
0.06714515
-0.18606647
-0.34091821
0.05932844
0.03906886
0.06792392
-0.12352590
-0.65534586
0.03215004
0.03955631
0.04487325
-0.21507446
0.04124271
0.06800225
0.06263173
0.06768075
-0.18677648
-0.33402862
0.05976750
0.03945483
0.06856365
-0.12160083
-0.66518180
0.03203205
0.03895360
0.04433312
-0.21404376
0.04097916
0.06859601
0.06225946
0.06821338
-0.18746181
-0.32729928
0.06020060
0.03984159
0.06918824
-0.11973784
-0.67480471
0.03190607
0.03836397
0.04379893
-0.21308937
0.04077390
0.06918724
0.06190496
0.06874257
-0.18812291
-0.32072968
0.06062749
0.04022886
0.06979804
-0.11794551
-0.68422291
0.03178094
0.03778668
0.04327969
-0.21220737
0.04062218
0.06977437
0.06156857
0.06926731
-0.18875940
-0.31432690
0.06104745
0.04061587
0.07039248
-0.11622166
-0.69342694
0.03165537
0.03722765
0.04277104
-0.21139390
0.04051978
0.07035585
0.06125071
0.06978669
-0.18937124
-0.30809637
0.06145987
0.04100198
0.07097119
-0.11456115
-0.70240750
0.03152692
0.03668982
0.04226735
-0.21064375
0.04046156
0.07093206
0.06095098
0.07029996
-0.18995913
-0.30203536
0.06186466
0.04138693
0.07153428
-0.11296223
-0.71117159
0.03140143
0.03616239
0.04177781
-0.20995289
0.04044393
0.07150178
0.06066950
0.07080710
-0.19052349
-0.29614366
0.06226168
0.04177044
0.07208203
-0.11141594
-0.71971991
0.03127028
0.03564659
0.04130257
-0.20931802
0.04046399
0.07206384
0.06040628
0.07130733
-0.19106448
-0.29042451
0.06265045
0.04215194
0.07261412
-0.10992487
-0.72804654
0.03113681
0.03515125
0.04083242
-0.20873520
0.04051902
0.07261819
0.06016111
0.07180021
-0.19158291
-0.28487457
0.06303094
0.04253124
0.07313094
-0.10849611
-0.73616132
0.03101102
0.03467223
0.04037519
-0.20820124
0.04060616
0.07316403
0.05993407
0.07228508
-0.19207894
-0.27949617
0.06340279
0.04290788
0.07363228
-0.10711293
-0.74405913
0.03088244
0.03420444
0.03992922