15
GEOM_190_190
C    -0.8067180    0.0475439    1.5251484 
S     0.3116624    0.2691858    0.0786324 
H    -0.2255019   -0.2220590    2.4060774 
H    -1.4979938   -0.7535269    1.2757967 
H    -1.3445395    0.9720244    1.7264612 
C    -1.7790900    0.0209031   -1.8054100 
S    -0.5677430   -1.0588900   -0.9579280 
H    -2.5303600    0.4056500   -1.1116500 
H    -2.2931400   -0.5487300   -2.5840100 
H    -1.2769100    0.8703580   -2.2718800 
C     2.5277800    0.5632240    1.8126600 
S     1.2848000    1.6235700    0.9897200 
H     3.2810100    1.1954700    2.2894300 
H     2.0753200   -0.0677200    2.5815300 
H     3.0240100   -0.0818562    1.0861300 
15
GEOM_192_190
C    -0.8067180    0.0475439    1.5251484 
S     0.3116624    0.2691858    0.0786324 
H    -0.2255019   -0.2220590    2.4060774 
H    -1.4979938   -0.7535269    1.2757967 
H    -1.3445395    0.9720244    1.7264612 
C    -1.7888500    0.0067755   -1.8156700 
S    -0.5775000   -1.0730100   -0.9681860 
H    -2.5401200    0.3915220   -1.1219100 
H    -2.3028900   -0.5628580   -2.5942700 
H    -1.2866600    0.8562300   -2.2821400 
C     2.5277800    0.5632240    1.8126600 
S     1.2848000    1.6235700    0.9897200 
H     3.2810100    1.1954700    2.2894300 
H     2.0753200   -0.0677200    2.5815300 
H     3.0240100   -0.0818562    1.0861300 
15
GEOM_190_192
C    -0.8067180    0.0475439    1.5251484 
S     0.3116624    0.2691858    0.0786324 
H    -0.2255019   -0.2220590    2.4060774 
H    -1.4979938   -0.7535269    1.2757967 
H    -1.3445395    0.9720244    1.7264612 
C    -1.7790900    0.0209031   -1.8054100 
S    -0.5677430   -1.0588900   -0.9579280 
H    -2.5303600    0.4056500   -1.1116500 
H    -2.2931400   -0.5487300   -2.5840100 
H    -1.2769100    0.8703580   -2.2718800 
C     2.5375400    0.5773510    1.8229200 
S     1.2945600    1.6377000    0.9999770 
H     3.2907600    1.2096000    2.2996900 
H     2.0850800   -0.0535924    2.5917900 
H     3.0337700   -0.0677286    1.0963900 
15
GEOM_190_194
C    -0.8067180    0.0475439    1.5251484 
S     0.3116624    0.2691858    0.0786324 
H    -0.2255019   -0.2220590    2.4060774 
H    -1.4979938   -0.7535269    1.2757967 
H    -1.3445395    0.9720244    1.7264612 
C    -1.7790900    0.0209031   -1.8054100 
S    -0.5677430   -1.0588900   -0.9579280 
H    -2.5303600    0.4056500   -1.1116500 
H    -2.2931400   -0.5487300   -2.5840100 
H    -1.2769100    0.8703580   -2.2718800 
C     2.5473000    0.5914790    1.8331800 
S     1.3043100    1.6518300    1.0102400 
H     3.3005200    1.2237300    2.3099400 
H     2.0948300   -0.0394648    2.6020400 
H     3.0435200   -0.0536010    1.1066500 
15
GEOM_192_192
C    -0.8067180    0.0475439    1.5251484 
S     0.3116624    0.2691858    0.0786324 
H    -0.2255019   -0.2220590    2.4060774 
H    -1.4979938   -0.7535269    1.2757967 
H    -1.3445395    0.9720244    1.7264612 
C    -1.7888500    0.0067755   -1.8156700 
S    -0.5775000   -1.0730100   -0.9681860 
H    -2.5401200    0.3915220   -1.1219100 
H    -2.3028900   -0.5628580   -2.5942700 
H    -1.2866600    0.8562300   -2.2821400 
C     2.5375400    0.5773510    1.8229200 
S     1.2945600    1.6377000    0.9999770 
H     3.2907600    1.2096000    2.2996900 
H     2.0850800   -0.0535924    2.5917900 
H     3.0337700   -0.0677286    1.0963900 
15
GEOM_190_196
C    -0.8067180    0.0475439    1.5251484 
S     0.3116624    0.2691858    0.0786324 
H    -0.2255019   -0.2220590    2.4060774 
H    -1.4979938   -0.7535269    1.2757967 
H    -1.3445395    0.9720244    1.7264612 
C    -1.7790900    0.0209031   -1.8054100 
S    -0.5677430   -1.0588900   -0.9579280 
H    -2.5303600    0.4056500   -1.1116500 
H    -2.2931400   -0.5487300   -2.5840100 
H    -1.2769100    0.8703580   -2.2718800 
C     2.5570500    0.6056070    1.8434400 
S     1.3140700    1.6659500    1.0204900 
H     3.3102800    1.2378500    2.3202000 
H     2.1045900   -0.0253372    2.6123000 
H     3.0532800   -0.0394734    1.1169000 
15
GEOM_192_194
C    -0.8067180    0.0475439    1.5251484 
S     0.3116624    0.2691858    0.0786324 
H    -0.2255019   -0.2220590    2.4060774 
H    -1.4979938   -0.7535269    1.2757967 
H    -1.3445395    0.9720244    1.7264612 
C    -1.7888500    0.0067755   -1.8156700 
S    -0.5775000   -1.0730100   -0.9681860 
H    -2.5401200    0.3915220   -1.1219100 
H    -2.3028900   -0.5628580   -2.5942700 
H    -1.2866600    0.8562300   -2.2821400 
C     2.5473000    0.5914790    1.8331800 
S     1.3043100    1.6518300    1.0102400 
H     3.3005200    1.2237300    2.3099400 
H     2.0948300   -0.0394648    2.6020400 
H     3.0435200   -0.0536010    1.1066500 
15
GEOM_190_198
C    -0.8067180    0.0475439    1.5251484 
S     0.3116624    0.2691858    0.0786324 
H    -0.2255019   -0.2220590    2.4060774 
H    -1.4979938   -0.7535269    1.2757967 
H    -1.3445395    0.9720244    1.7264612 
C    -1.7790900    0.0209031   -1.8054100 
S    -0.5677430   -1.0588900   -0.9579280 
H    -2.5303600    0.4056500   -1.1116500 
H    -2.2931400   -0.5487300   -2.5840100 
H    -1.2769100    0.8703580   -2.2718800 
C     2.5668100    0.6197340    1.8536900 
S     1.3238300    1.6800800    1.0307500 
H     3.3200300    1.2519800    2.3304600 
H     2.1143500   -0.0112096    2.6225600 
H     3.0630400   -0.0253458    1.1271600 
15
GEOM_192_196
C    -0.8067180    0.0475439    1.5251484 
S     0.3116624    0.2691858    0.0786324 
H    -0.2255019   -0.2220590    2.4060774 
H    -1.4979938   -0.7535269    1.2757967 
H    -1.3445395    0.9720244    1.7264612 
C    -1.7888500    0.0067755   -1.8156700 
S    -0.5775000   -1.0730100   -0.9681860 
H    -2.5401200    0.3915220   -1.1219100 
H    -2.3028900   -0.5628580   -2.5942700 
H    -1.2866600    0.8562300   -2.2821400 
C     2.5570500    0.6056070    1.8434400 
S     1.3140700    1.6659500    1.0204900 
H     3.3102800    1.2378500    2.3202000 
H     2.1045900   -0.0253372    2.6123000 
H     3.0532800   -0.0394734    1.1169000 
15
GEOM_190_200
C    -0.8067180    0.0475439    1.5251484 
S     0.3116624    0.2691858    0.0786324 
H    -0.2255019   -0.2220590    2.4060774 
H    -1.4979938   -0.7535269    1.2757967 
H    -1.3445395    0.9720244    1.7264612 
C    -1.7790900    0.0209031   -1.8054100 
S    -0.5677430   -1.0588900   -0.9579280 
H    -2.5303600    0.4056500   -1.1116500 
H    -2.2931400   -0.5487300   -2.5840100 
H    -1.2769100    0.8703580   -2.2718800 
C     2.5765700    0.6338620    1.8639500 
S     1.3335800    1.6942100    1.0410100 
H     3.3297900    1.2661100    2.3407200 
H     2.1241000    0.0029180    2.6328200 
H     3.0727900   -0.0112182    1.1374200 
15
GEOM_192_198
C    -0.8067180    0.0475439    1.5251484 
S     0.3116624    0.2691858    0.0786324 
H    -0.2255019   -0.2220590    2.4060774 
H    -1.4979938   -0.7535269    1.2757967 
H    -1.3445395    0.9720244    1.7264612 
C    -1.7888500    0.0067755   -1.8156700 
S    -0.5775000   -1.0730100   -0.9681860 
H    -2.5401200    0.3915220   -1.1219100 
H    -2.3028900   -0.5628580   -2.5942700 
H    -1.2866600    0.8562300   -2.2821400 
C     2.5668100    0.6197340    1.8536900 
S     1.3238300    1.6800800    1.0307500 
H     3.3200300    1.2519800    2.3304600 
H     2.1143500   -0.0112096    2.6225600 
H     3.0630400   -0.0253458    1.1271600 
15
GEOM_190_202
C    -0.8067180    0.0475439    1.5251484 
S     0.3116624    0.2691858    0.0786324 
H    -0.2255019   -0.2220590    2.4060774 
H    -1.4979938   -0.7535269    1.2757967 
H    -1.3445395    0.9720244    1.7264612 
C    -1.7790900    0.0209031   -1.8054100 
S    -0.5677430   -1.0588900   -0.9579280 
H    -2.5303600    0.4056500   -1.1116500 
H    -2.2931400   -0.5487300   -2.5840100 
H    -1.2769100    0.8703580   -2.2718800 
C     2.5863200    0.6479890    1.8742100 
S     1.3433400    1.7083400    1.0512700 
H     3.3395500    1.2802400    2.3509700 
H     2.1338600    0.0170456    2.6430700 
H     3.0825500    0.0029094    1.1476800 
15
GEOM_192_200
C    -0.8067180    0.0475439    1.5251484 
S     0.3116624    0.2691858    0.0786324 
H    -0.2255019   -0.2220590    2.4060774 
H    -1.4979938   -0.7535269    1.2757967 
H    -1.3445395    0.9720244    1.7264612 
C    -1.7888500    0.0067755   -1.8156700 
S    -0.5775000   -1.0730100   -0.9681860 
H    -2.5401200    0.3915220   -1.1219100 
H    -2.3028900   -0.5628580   -2.5942700 
H    -1.2866600    0.8562300   -2.2821400 
C     2.5765700    0.6338620    1.8639500 
S     1.3335800    1.6942100    1.0410100 
H     3.3297900    1.2661100    2.3407200 
H     2.1241000    0.0029180    2.6328200 
H     3.0727900   -0.0112182    1.1374200 
15
GEOM_190_204
C    -0.8067180    0.0475439    1.5251484 
S     0.3116624    0.2691858    0.0786324 
H    -0.2255019   -0.2220590    2.4060774 
H    -1.4979938   -0.7535269    1.2757967 
H    -1.3445395    0.9720244    1.7264612 
C    -1.7790900    0.0209031   -1.8054100 
S    -0.5677430   -1.0588900   -0.9579280 
H    -2.5303600    0.4056500   -1.1116500 
H    -2.2931400   -0.5487300   -2.5840100 
H    -1.2769100    0.8703580   -2.2718800 
C     2.5960800    0.6621170    1.8844700 
S     1.3531000    1.7224600    1.0615200 
H     3.3493000    1.2943600    2.3612300 
H     2.1436200    0.0311732    2.6533300 
H     3.0923100    0.0170370    1.1579300 
15
GEOM_192_202
C    -0.8067180    0.0475439    1.5251484 
S     0.3116624    0.2691858    0.0786324 
H    -0.2255019   -0.2220590    2.4060774 
H    -1.4979938   -0.7535269    1.2757967 
H    -1.3445395    0.9720244    1.7264612 
C    -1.7888500    0.0067755   -1.8156700 
S    -0.5775000   -1.0730100   -0.9681860 
H    -2.5401200    0.3915220   -1.1219100 
H    -2.3028900   -0.5628580   -2.5942700 
H    -1.2866600    0.8562300   -2.2821400 
C     2.5863200    0.6479890    1.8742100 
S     1.3433400    1.7083400    1.0512700 
H     3.3395500    1.2802400    2.3509700 
H     2.1338600    0.0170456    2.6430700 
H     3.0825500    0.0029094    1.1476800 
15
GEOM_190_206
C    -0.8067180    0.0475439    1.5251484 
S     0.3116624    0.2691858    0.0786324 
H    -0.2255019   -0.2220590    2.4060774 
H    -1.4979938   -0.7535269    1.2757967 
H    -1.3445395    0.9720244    1.7264612 
C    -1.7790900    0.0209031   -1.8054100 
S    -0.5677430   -1.0588900   -0.9579280 
H    -2.5303600    0.4056500   -1.1116500 
H    -2.2931400   -0.5487300   -2.5840100 
H    -1.2769100    0.8703580   -2.2718800 
C     2.6058400    0.6762450    1.8947200 
S     1.3628500    1.7365900    1.0717800 
H     3.3590600    1.3084900    2.3714900 
H     2.1533700    0.0453008    2.6635900 
H     3.1020600    0.0311646    1.1681900 
15
GEOM_192_204
C    -0.8067180    0.0475439    1.5251484 
S     0.3116624    0.2691858    0.0786324 
H    -0.2255019   -0.2220590    2.4060774 
H    -1.4979938   -0.7535269    1.2757967 
H    -1.3445395    0.9720244    1.7264612 
C    -1.7888500    0.0067755   -1.8156700 
S    -0.5775000   -1.0730100   -0.9681860 
H    -2.5401200    0.3915220   -1.1219100 
H    -2.3028900   -0.5628580   -2.5942700 
H    -1.2866600    0.8562300   -2.2821400 
C     2.5960800    0.6621170    1.8844700 
S     1.3531000    1.7224600    1.0615200 
H     3.3493000    1.2943600    2.3612300 
H     2.1436200    0.0311732    2.6533300 
H     3.0923100    0.0170370    1.1579300 
15
GEOM_190_208
C    -0.8067180    0.0475439    1.5251484 
S     0.3116624    0.2691858    0.0786324 
H    -0.2255019   -0.2220590    2.4060774 
H    -1.4979938   -0.7535269    1.2757967 
H    -1.3445395    0.9720244    1.7264612 
C    -1.7790900    0.0209031   -1.8054100 
S    -0.5677430   -1.0588900   -0.9579280 
H    -2.5303600    0.4056500   -1.1116500 
H    -2.2931400   -0.5487300   -2.5840100 
H    -1.2769100    0.8703580   -2.2718800 
C     2.6155900    0.6903720    1.9049800 
S     1.3726100    1.7507200    1.0820400 
H     3.3688200    1.3226200    2.3817500 
H     2.1631300    0.0594284    2.6738500 
H     3.1118200    0.0452922    1.1784500 
15
GEOM_192_206
C    -0.8067180    0.0475439    1.5251484 
S     0.3116624    0.2691858    0.0786324 
H    -0.2255019   -0.2220590    2.4060774 
H    -1.4979938   -0.7535269    1.2757967 
H    -1.3445395    0.9720244    1.7264612 
C    -1.7888500    0.0067755   -1.8156700 
S    -0.5775000   -1.0730100   -0.9681860 
H    -2.5401200    0.3915220   -1.1219100 
H    -2.3028900   -0.5628580   -2.5942700 
H    -1.2866600    0.8562300   -2.2821400 
C     2.6058400    0.6762450    1.8947200 
S     1.3628500    1.7365900    1.0717800 
H     3.3590600    1.3084900    2.3714900 
H     2.1533700    0.0453008    2.6635900 
H     3.1020600    0.0311646    1.1681900 
15
GEOM_190_210
C    -0.8067180    0.0475439    1.5251484 
S     0.3116624    0.2691858    0.0786324 
H    -0.2255019   -0.2220590    2.4060774 
H    -1.4979938   -0.7535269    1.2757967 
H    -1.3445395    0.9720244    1.7264612 
C    -1.7790900    0.0209031   -1.8054100 
S    -0.5677430   -1.0588900   -0.9579280 
H    -2.5303600    0.4056500   -1.1116500 
H    -2.2931400   -0.5487300   -2.5840100 
H    -1.2769100    0.8703580   -2.2718800 
C     2.6253500    0.7045000    1.9152400 
S     1.3823700    1.7648500    1.0923000 
H     3.3785700    1.3367500    2.3920000 
H     2.1728900    0.0735560    2.6841100 
H     3.1215800    0.0594198    1.1887100 
15
GEOM_192_208
C    -0.8067180    0.0475439    1.5251484 
S     0.3116624    0.2691858    0.0786324 
H    -0.2255019   -0.2220590    2.4060774 
H    -1.4979938   -0.7535269    1.2757967 
H    -1.3445395    0.9720244    1.7264612 
C    -1.7888500    0.0067755   -1.8156700 
S    -0.5775000   -1.0730100   -0.9681860 
H    -2.5401200    0.3915220   -1.1219100 
H    -2.3028900   -0.5628580   -2.5942700 
H    -1.2866600    0.8562300   -2.2821400 
C     2.6155900    0.6903720    1.9049800 
S     1.3726100    1.7507200    1.0820400 
H     3.3688200    1.3226200    2.3817500 
H     2.1631300    0.0594284    2.6738500 
H     3.1118200    0.0452922    1.1784500 
15
GEOM_190_212
C    -0.8067180    0.0475439    1.5251484 
S     0.3116624    0.2691858    0.0786324 
H    -0.2255019   -0.2220590    2.4060774 
H    -1.4979938   -0.7535269    1.2757967 
H    -1.3445395    0.9720244    1.7264612 
C    -1.7790900    0.0209031   -1.8054100 
S    -0.5677430   -1.0588900   -0.9579280 
H    -2.5303600    0.4056500   -1.1116500 
H    -2.2931400   -0.5487300   -2.5840100 
H    -1.2769100    0.8703580   -2.2718800 
C     2.6351000    0.7186270    1.9255000 
S     1.3921200    1.7789700    1.1025500 
H     3.3883300    1.3508800    2.4022600 
H     2.1826400    0.0876836    2.6943600 
H     3.1313300    0.0735474    1.1989600 
15
GEOM_192_210
C    -0.8067180    0.0475439    1.5251484 
S     0.3116624    0.2691858    0.0786324 
H    -0.2255019   -0.2220590    2.4060774 
H    -1.4979938   -0.7535269    1.2757967 
H    -1.3445395    0.9720244    1.7264612 
C    -1.7888500    0.0067755   -1.8156700 
S    -0.5775000   -1.0730100   -0.9681860 
H    -2.5401200    0.3915220   -1.1219100 
H    -2.3028900   -0.5628580   -2.5942700 
H    -1.2866600    0.8562300   -2.2821400 
C     2.6253500    0.7045000    1.9152400 
S     1.3823700    1.7648500    1.0923000 
H     3.3785700    1.3367500    2.3920000 
H     2.1728900    0.0735560    2.6841100 
H     3.1215800    0.0594198    1.1887100 
15
GEOM_190_214
C    -0.8067180    0.0475439    1.5251484 
S     0.3116624    0.2691858    0.0786324 
H    -0.2255019   -0.2220590    2.4060774 
H    -1.4979938   -0.7535269    1.2757967 
H    -1.3445395    0.9720244    1.7264612 
C    -1.7790900    0.0209031   -1.8054100 
S    -0.5677430   -1.0588900   -0.9579280 
H    -2.5303600    0.4056500   -1.1116500 
H    -2.2931400   -0.5487300   -2.5840100 
H    -1.2769100    0.8703580   -2.2718800 
C     2.6448600    0.7327550    1.9357600 
S     1.4018800    1.7931000    1.1128100 
H     3.3980800    1.3650000    2.4125200 
H     2.1924000    0.1018110    2.7046200 
H     3.1410900    0.0876750    1.2092200 
15
GEOM_192_212
C    -0.8067180    0.0475439    1.5251484 
S     0.3116624    0.2691858    0.0786324 
H    -0.2255019   -0.2220590    2.4060774 
H    -1.4979938   -0.7535269    1.2757967 
H    -1.3445395    0.9720244    1.7264612 
C    -1.7888500    0.0067755   -1.8156700 
S    -0.5775000   -1.0730100   -0.9681860 
H    -2.5401200    0.3915220   -1.1219100 
H    -2.3028900   -0.5628580   -2.5942700 
H    -1.2866600    0.8562300   -2.2821400 
C     2.6351000    0.7186270    1.9255000 
S     1.3921200    1.7789700    1.1025500 
H     3.3883300    1.3508800    2.4022600 
H     2.1826400    0.0876836    2.6943600 
H     3.1313300    0.0735474    1.1989600 
15
GEOM_190_216
C    -0.8067180    0.0475439    1.5251484 
S     0.3116624    0.2691858    0.0786324 
H    -0.2255019   -0.2220590    2.4060774 
H    -1.4979938   -0.7535269    1.2757967 
H    -1.3445395    0.9720244    1.7264612 
C    -1.7790900    0.0209031   -1.8054100 
S    -0.5677430   -1.0588900   -0.9579280 
H    -2.5303600    0.4056500   -1.1116500 
H    -2.2931400   -0.5487300   -2.5840100 
H    -1.2769100    0.8703580   -2.2718800 
C     2.6546200    0.7468830    1.9460100 
S     1.4116400    1.8072300    1.1230700 
H     3.4078400    1.3791300    2.4227800 
H     2.2021500    0.1159390    2.7148800 
H     3.1508500    0.1018030    1.2194800 
15
GEOM_192_214
C    -0.8067180    0.0475439    1.5251484 
S     0.3116624    0.2691858    0.0786324 
H    -0.2255019   -0.2220590    2.4060774 
H    -1.4979938   -0.7535269    1.2757967 
H    -1.3445395    0.9720244    1.7264612 
C    -1.7888500    0.0067755   -1.8156700 
S    -0.5775000   -1.0730100   -0.9681860 
H    -2.5401200    0.3915220   -1.1219100 
H    -2.3028900   -0.5628580   -2.5942700 
H    -1.2866600    0.8562300   -2.2821400 
C     2.6448600    0.7327550    1.9357600 
S     1.4018800    1.7931000    1.1128100 
H     3.3980800    1.3650000    2.4125200 
H     2.1924000    0.1018110    2.7046200 
H     3.1410900    0.0876750    1.2092200 
15
GEOM_190_218
C    -0.8067180    0.0475439    1.5251484 
S     0.3116624    0.2691858    0.0786324 
H    -0.2255019   -0.2220590    2.4060774 
H    -1.4979938   -0.7535269    1.2757967 
H    -1.3445395    0.9720244    1.7264612 
C    -1.7790900    0.0209031   -1.8054100 
S    -0.5677430   -1.0588900   -0.9579280 
H    -2.5303600    0.4056500   -1.1116500 
H    -2.2931400   -0.5487300   -2.5840100 
H    -1.2769100    0.8703580   -2.2718800 
C     2.6643700    0.7610100    1.9562700 
S     1.4213900    1.8213600    1.1333300 
H     3.4176000    1.3932600    2.4330300 
H     2.2119100    0.1300660    2.7251400 
H     3.1606000    0.1159300    1.2297400 
15
GEOM_192_216
C    -0.8067180    0.0475439    1.5251484 
S     0.3116624    0.2691858    0.0786324 
H    -0.2255019   -0.2220590    2.4060774 
H    -1.4979938   -0.7535269    1.2757967 
H    -1.3445395    0.9720244    1.7264612 
C    -1.7888500    0.0067755   -1.8156700 
S    -0.5775000   -1.0730100   -0.9681860 
H    -2.5401200    0.3915220   -1.1219100 
H    -2.3028900   -0.5628580   -2.5942700 
H    -1.2866600    0.8562300   -2.2821400 
C     2.6546200    0.7468830    1.9460100 
S     1.4116400    1.8072300    1.1230700 
H     3.4078400    1.3791300    2.4227800 
H     2.2021500    0.1159390    2.7148800 
H     3.1508500    0.1018030    1.2194800 
15
GEOM_190_220
C    -0.8067180    0.0475439    1.5251484 
S     0.3116624    0.2691858    0.0786324 
H    -0.2255019   -0.2220590    2.4060774 
H    -1.4979938   -0.7535269    1.2757967 
H    -1.3445395    0.9720244    1.7264612 
C    -1.7790900    0.0209031   -1.8054100 
S    -0.5677430   -1.0588900   -0.9579280 
H    -2.5303600    0.4056500   -1.1116500 
H    -2.2931400   -0.5487300   -2.5840100 
H    -1.2769100    0.8703580   -2.2718800 
C     2.6741300    0.7751380    1.9665300 
S     1.4311500    1.8354900    1.1435800 
H     3.4273500    1.4073900    2.4432900 
H     2.2216700    0.1441940    2.7353900 
H     3.1703600    0.1300580    1.2399900 
15
GEOM_192_218
C    -0.8067180    0.0475439    1.5251484 
S     0.3116624    0.2691858    0.0786324 
H    -0.2255019   -0.2220590    2.4060774 
H    -1.4979938   -0.7535269    1.2757967 
H    -1.3445395    0.9720244    1.7264612 
C    -1.7888500    0.0067755   -1.8156700 
S    -0.5775000   -1.0730100   -0.9681860 
H    -2.5401200    0.3915220   -1.1219100 
H    -2.3028900   -0.5628580   -2.5942700 
H    -1.2866600    0.8562300   -2.2821400 
C     2.6643700    0.7610100    1.9562700 
S     1.4213900    1.8213600    1.1333300 
H     3.4176000    1.3932600    2.4330300 
H     2.2119100    0.1300660    2.7251400 
H     3.1606000    0.1159300    1.2297400 
15
GEOM_190_222
C    -0.8067180    0.0475439    1.5251484 
S     0.3116624    0.2691858    0.0786324 
H    -0.2255019   -0.2220590    2.4060774 
H    -1.4979938   -0.7535269    1.2757967 
H    -1.3445395    0.9720244    1.7264612 
C    -1.7790900    0.0209031   -1.8054100 
S    -0.5677430   -1.0588900   -0.9579280 
H    -2.5303600    0.4056500   -1.1116500 
H    -2.2931400   -0.5487300   -2.5840100 
H    -1.2769100    0.8703580   -2.2718800 
C     2.6838900    0.7892650    1.9767900 
S     1.4409100    1.8496100    1.1538400 
H     3.4371100    1.4215100    2.4535500 
H     2.2314200    0.1583220    2.7456500 
H     3.1801200    0.1441850    1.2502500 
15
GEOM_192_220
C    -0.8067180    0.0475439    1.5251484 
S     0.3116624    0.2691858    0.0786324 
H    -0.2255019   -0.2220590    2.4060774 
H    -1.4979938   -0.7535269    1.2757967 
H    -1.3445395    0.9720244    1.7264612 
C    -1.7888500    0.0067755   -1.8156700 
S    -0.5775000   -1.0730100   -0.9681860 
H    -2.5401200    0.3915220   -1.1219100 
H    -2.3028900   -0.5628580   -2.5942700 
H    -1.2866600    0.8562300   -2.2821400 
C     2.6741300    0.7751380    1.9665300 
S     1.4311500    1.8354900    1.1435800 
H     3.4273500    1.4073900    2.4432900 
H     2.2216700    0.1441940    2.7353900 
H     3.1703600    0.1300580    1.2399900 
15
GEOM_190_224
C    -0.8067180    0.0475439    1.5251484 
S     0.3116624    0.2691858    0.0786324 
H    -0.2255019   -0.2220590    2.4060774 
H    -1.4979938   -0.7535269    1.2757967 
H    -1.3445395    0.9720244    1.7264612 
C    -1.7790900    0.0209031   -1.8054100 
S    -0.5677430   -1.0588900   -0.9579280 
H    -2.5303600    0.4056500   -1.1116500 
H    -2.2931400   -0.5487300   -2.5840100 
H    -1.2769100    0.8703580   -2.2718800 
C     2.6936400    0.8033930    1.9870400 
S     1.4506600    1.8637400    1.1641000 
H     3.4468700    1.4356400    2.4638100 
H     2.2411800    0.1724490    2.7559100 
H     3.1898700    0.1583130    1.2605100 
15
GEOM_192_222
C    -0.8067180    0.0475439    1.5251484 
S     0.3116624    0.2691858    0.0786324 
H    -0.2255019   -0.2220590    2.4060774 
H    -1.4979938   -0.7535269    1.2757967 
H    -1.3445395    0.9720244    1.7264612 
C    -1.7888500    0.0067755   -1.8156700 
S    -0.5775000   -1.0730100   -0.9681860 
H    -2.5401200    0.3915220   -1.1219100 
H    -2.3028900   -0.5628580   -2.5942700 
H    -1.2866600    0.8562300   -2.2821400 
C     2.6838900    0.7892650    1.9767900 
S     1.4409100    1.8496100    1.1538400 
H     3.4371100    1.4215100    2.4535500 
H     2.2314200    0.1583220    2.7456500 
H     3.1801200    0.1441850    1.2502500 
15
GEOM_190_226
C    -0.8067180    0.0475439    1.5251484 
S     0.3116624    0.2691858    0.0786324 
H    -0.2255019   -0.2220590    2.4060774 
H    -1.4979938   -0.7535269    1.2757967 
H    -1.3445395    0.9720244    1.7264612 
C    -1.7790900    0.0209031   -1.8054100 
S    -0.5677430   -1.0588900   -0.9579280 
H    -2.5303600    0.4056500   -1.1116500 
H    -2.2931400   -0.5487300   -2.5840100 
H    -1.2769100    0.8703580   -2.2718800 
C     2.7034000    0.8175210    1.9973000 
S     1.4604200    1.8778700    1.1743600 
H     3.4566200    1.4497700    2.4740700 
H     2.2509400    0.1865770    2.7661700 
H     3.1996300    0.1724410    1.2707700 
15
GEOM_192_224
C    -0.8067180    0.0475439    1.5251484 
S     0.3116624    0.2691858    0.0786324 
H    -0.2255019   -0.2220590    2.4060774 
H    -1.4979938   -0.7535269    1.2757967 
H    -1.3445395    0.9720244    1.7264612 
C    -1.7888500    0.0067755   -1.8156700 
S    -0.5775000   -1.0730100   -0.9681860 
H    -2.5401200    0.3915220   -1.1219100 
H    -2.3028900   -0.5628580   -2.5942700 
H    -1.2866600    0.8562300   -2.2821400 
C     2.6936400    0.8033930    1.9870400 
S     1.4506600    1.8637400    1.1641000 
H     3.4468700    1.4356400    2.4638100 
H     2.2411800    0.1724490    2.7559100 
H     3.1898700    0.1583130    1.2605100 
15
GEOM_190_228
C    -0.8067180    0.0475439    1.5251484 
S     0.3116624    0.2691858    0.0786324 
H    -0.2255019   -0.2220590    2.4060774 
H    -1.4979938   -0.7535269    1.2757967 
H    -1.3445395    0.9720244    1.7264612 
C    -1.7790900    0.0209031   -1.8054100 
S    -0.5677430   -1.0588900   -0.9579280 
H    -2.5303600    0.4056500   -1.1116500 
H    -2.2931400   -0.5487300   -2.5840100 
H    -1.2769100    0.8703580   -2.2718800 
C     2.7131600    0.8316480    2.0075600 
S     1.4701800    1.8920000    1.1846100 
H     3.4663800    1.4639000    2.4843200 
H     2.2606900    0.2007040    2.7764200 
H     3.2093800    0.1865680    1.2810200 
15
GEOM_192_226
C    -0.8067180    0.0475439    1.5251484 
S     0.3116624    0.2691858    0.0786324 
H    -0.2255019   -0.2220590    2.4060774 
H    -1.4979938   -0.7535269    1.2757967 
H    -1.3445395    0.9720244    1.7264612 
C    -1.7888500    0.0067755   -1.8156700 
S    -0.5775000   -1.0730100   -0.9681860 
H    -2.5401200    0.3915220   -1.1219100 
H    -2.3028900   -0.5628580   -2.5942700 
H    -1.2866600    0.8562300   -2.2821400 
C     2.7034000    0.8175210    1.9973000 
S     1.4604200    1.8778700    1.1743600 
H     3.4566200    1.4497700    2.4740700 
H     2.2509400    0.1865770    2.7661700 
H     3.1996300    0.1724410    1.2707700 
15
GEOM_190_230
C    -0.8067180    0.0475439    1.5251484 
S     0.3116624    0.2691858    0.0786324 
H    -0.2255019   -0.2220590    2.4060774 
H    -1.4979938   -0.7535269    1.2757967 
H    -1.3445395    0.9720244    1.7264612 
C    -1.7790900    0.0209031   -1.8054100 
S    -0.5677430   -1.0588900   -0.9579280 
H    -2.5303600    0.4056500   -1.1116500 
H    -2.2931400   -0.5487300   -2.5840100 
H    -1.2769100    0.8703580   -2.2718800 
C     2.7229100    0.8457760    2.0178200 
S     1.4799300    1.9061200    1.1948700 
H     3.4761400    1.4780200    2.4945800 
H     2.2704500    0.2148320    2.7866800 
H     3.2191400    0.2006960    1.2912800 
15
GEOM_192_228
C    -0.8067180    0.0475439    1.5251484 
S     0.3116624    0.2691858    0.0786324 
H    -0.2255019   -0.2220590    2.4060774 
H    -1.4979938   -0.7535269    1.2757967 
H    -1.3445395    0.9720244    1.7264612 
C    -1.7888500    0.0067755   -1.8156700 
S    -0.5775000   -1.0730100   -0.9681860 
H    -2.5401200    0.3915220   -1.1219100 
H    -2.3028900   -0.5628580   -2.5942700 
H    -1.2866600    0.8562300   -2.2821400 
C     2.7131600    0.8316480    2.0075600 
S     1.4701800    1.8920000    1.1846100 
H     3.4663800    1.4639000    2.4843200 
H     2.2606900    0.2007040    2.7764200 
H     3.2093800    0.1865680    1.2810200 
15
GEOM_190_232
C    -0.8067180    0.0475439    1.5251484 
S     0.3116624    0.2691858    0.0786324 
H    -0.2255019   -0.2220590    2.4060774 
H    -1.4979938   -0.7535269    1.2757967 
H    -1.3445395    0.9720244    1.7264612 
C    -1.7790900    0.0209031   -1.8054100 
S    -0.5677430   -1.0588900   -0.9579280 
H    -2.5303600    0.4056500   -1.1116500 
H    -2.2931400   -0.5487300   -2.5840100 
H    -1.2769100    0.8703580   -2.2718800 
C     2.7326700    0.8599030    2.0280700 
S     1.4896900    1.9202500    1.2051300 
H     3.4858900    1.4921500    2.5048400 
H     2.2802100    0.2289600    2.7969400 
H     3.2289000    0.2148230    1.3015400 
15
GEOM_192_230
C    -0.8067180    0.0475439    1.5251484 
S     0.3116624    0.2691858    0.0786324 
H    -0.2255019   -0.2220590    2.4060774 
H    -1.4979938   -0.7535269    1.2757967 
H    -1.3445395    0.9720244    1.7264612 
C    -1.7888500    0.0067755   -1.8156700 
S    -0.5775000   -1.0730100   -0.9681860 
H    -2.5401200    0.3915220   -1.1219100 
H    -2.3028900   -0.5628580   -2.5942700 
H    -1.2866600    0.8562300   -2.2821400 
C     2.7229100    0.8457760    2.0178200 
S     1.4799300    1.9061200    1.1948700 
H     3.4761400    1.4780200    2.4945800 
H     2.2704500    0.2148320    2.7866800 
H     3.2191400    0.2006960    1.2912800 
15
GEOM_190_234
C    -0.8067180    0.0475439    1.5251484 
S     0.3116624    0.2691858    0.0786324 
H    -0.2255019   -0.2220590    2.4060774 
H    -1.4979938   -0.7535269    1.2757967 
H    -1.3445395    0.9720244    1.7264612 
C    -1.7790900    0.0209031   -1.8054100 
S    -0.5677430   -1.0588900   -0.9579280 
H    -2.5303600    0.4056500   -1.1116500 
H    -2.2931400   -0.5487300   -2.5840100 
H    -1.2769100    0.8703580   -2.2718800 
C     2.7424300    0.8740310    2.0383300 
S     1.4994500    1.9343800    1.2153900 
H     3.4956500    1.5062800    2.5151000 
H     2.2899600    0.2430870    2.8072000 
H     3.2386500    0.2289510    1.3118000 
15
GEOM_192_232
C    -0.8067180    0.0475439    1.5251484 
S     0.3116624    0.2691858    0.0786324 
H    -0.2255019   -0.2220590    2.4060774 
H    -1.4979938   -0.7535269    1.2757967 
H    -1.3445395    0.9720244    1.7264612 
C    -1.7888500    0.0067755   -1.8156700 
S    -0.5775000   -1.0730100   -0.9681860 
H    -2.5401200    0.3915220   -1.1219100 
H    -2.3028900   -0.5628580   -2.5942700 
H    -1.2866600    0.8562300   -2.2821400 
C     2.7326700    0.8599030    2.0280700 
S     1.4896900    1.9202500    1.2051300 
H     3.4858900    1.4921500    2.5048400 
H     2.2802100    0.2289600    2.7969400 
H     3.2289000    0.2148230    1.3015400 
15
GEOM_190_236
C    -0.8067180    0.0475439    1.5251484 
S     0.3116624    0.2691858    0.0786324 
H    -0.2255019   -0.2220590    2.4060774 
H    -1.4979938   -0.7535269    1.2757967 
H    -1.3445395    0.9720244    1.7264612 
C    -1.7790900    0.0209031   -1.8054100 
S    -0.5677430   -1.0588900   -0.9579280 
H    -2.5303600    0.4056500   -1.1116500 
H    -2.2931400   -0.5487300   -2.5840100 
H    -1.2769100    0.8703580   -2.2718800 
C     2.7521800    0.8881590    2.0485900 
S     1.5092000    1.9485100    1.2256400 
H     3.5054100    1.5204100    2.5253500 
H     2.2997200    0.2572150    2.8174500 
H     3.2484100    0.2430790    1.3220500 
15
GEOM_192_234
C    -0.8067180    0.0475439    1.5251484 
S     0.3116624    0.2691858    0.0786324 
H    -0.2255019   -0.2220590    2.4060774 
H    -1.4979938   -0.7535269    1.2757967 
H    -1.3445395    0.9720244    1.7264612 
C    -1.7888500    0.0067755   -1.8156700 
S    -0.5775000   -1.0730100   -0.9681860 
H    -2.5401200    0.3915220   -1.1219100 
H    -2.3028900   -0.5628580   -2.5942700 
H    -1.2866600    0.8562300   -2.2821400 
C     2.7424300    0.8740310    2.0383300 
S     1.4994500    1.9343800    1.2153900 
H     3.4956500    1.5062800    2.5151000 
H     2.2899600    0.2430870    2.8072000 
H     3.2386500    0.2289510    1.3118000 
15
GEOM_190_238
C    -0.8067180    0.0475439    1.5251484 
S     0.3116624    0.2691858    0.0786324 
H    -0.2255019   -0.2220590    2.4060774 
H    -1.4979938   -0.7535269    1.2757967 
H    -1.3445395    0.9720244    1.7264612 
C    -1.7790900    0.0209031   -1.8054100 
S    -0.5677430   -1.0588900   -0.9579280 
H    -2.5303600    0.4056500   -1.1116500 
H    -2.2931400   -0.5487300   -2.5840100 
H    -1.2769100    0.8703580   -2.2718800 
C     2.7619400    0.9022860    2.0588500 
S     1.5189600    1.9626300    1.2359000 
H     3.5151600    1.5345300    2.5356100 
H     2.3094800    0.2713420    2.8277100 
H     3.2581700    0.2572060    1.3323100 
15
GEOM_192_236
C    -0.8067180    0.0475439    1.5251484 
S     0.3116624    0.2691858    0.0786324 
H    -0.2255019   -0.2220590    2.4060774 
H    -1.4979938   -0.7535269    1.2757967 
H    -1.3445395    0.9720244    1.7264612 
C    -1.7888500    0.0067755   -1.8156700 
S    -0.5775000   -1.0730100   -0.9681860 
H    -2.5401200    0.3915220   -1.1219100 
H    -2.3028900   -0.5628580   -2.5942700 
H    -1.2866600    0.8562300   -2.2821400 
C     2.7521800    0.8881590    2.0485900 
S     1.5092000    1.9485100    1.2256400 
H     3.5054100    1.5204100    2.5253500 
H     2.2997200    0.2572150    2.8174500 
H     3.2484100    0.2430790    1.3220500 
15
GEOM_190_240
C    -0.8067180    0.0475439    1.5251484 
S     0.3116624    0.2691858    0.0786324 
H    -0.2255019   -0.2220590    2.4060774 
H    -1.4979938   -0.7535269    1.2757967 
H    -1.3445395    0.9720244    1.7264612 
C    -1.7790900    0.0209031   -1.8054100 
S    -0.5677430   -1.0588900   -0.9579280 
H    -2.5303600    0.4056500   -1.1116500 
H    -2.2931400   -0.5487300   -2.5840100 
H    -1.2769100    0.8703580   -2.2718800 
C     2.7717000    0.9164140    2.0691000 
S     1.5287200    1.9767600    1.2461600 
H     3.5249200    1.5486600    2.5458700 
H     2.3192300    0.2854700    2.8379700 
H     3.2679200    0.2713340    1.3425700 
15
GEOM_192_238
C    -0.8067180    0.0475439    1.5251484 
S     0.3116624    0.2691858    0.0786324 
H    -0.2255019   -0.2220590    2.4060774 
H    -1.4979938   -0.7535269    1.2757967 
H    -1.3445395    0.9720244    1.7264612 
C    -1.7888500    0.0067755   -1.8156700 
S    -0.5775000   -1.0730100   -0.9681860 
H    -2.5401200    0.3915220   -1.1219100 
H    -2.3028900   -0.5628580   -2.5942700 
H    -1.2866600    0.8562300   -2.2821400 
C     2.7619400    0.9022860    2.0588500 
S     1.5189600    1.9626300    1.2359000 
H     3.5151600    1.5345300    2.5356100 
H     2.3094800    0.2713420    2.8277100 
H     3.2581700    0.2572060    1.3323100 
15
GEOM_190_242
C    -0.8067180    0.0475439    1.5251484 
S     0.3116624    0.2691858    0.0786324 
H    -0.2255019   -0.2220590    2.4060774 
H    -1.4979938   -0.7535269    1.2757967 
H    -1.3445395    0.9720244    1.7264612 
C    -1.7790900    0.0209031   -1.8054100 
S    -0.5677430   -1.0588900   -0.9579280 
H    -2.5303600    0.4056500   -1.1116500 
H    -2.2931400   -0.5487300   -2.5840100 
H    -1.2769100    0.8703580   -2.2718800 
C     2.7814500    0.9305410    2.0793600 
S     1.5384700    1.9908900    1.2564200 
H     3.5346800    1.5627900    2.5561300 
H     2.3289900    0.2995980    2.8482300 
H     3.2776800    0.2854610    1.3528300 
15
GEOM_192_240
C    -0.8067180    0.0475439    1.5251484 
S     0.3116624    0.2691858    0.0786324 
H    -0.2255019   -0.2220590    2.4060774 
H    -1.4979938   -0.7535269    1.2757967 
H    -1.3445395    0.9720244    1.7264612 
C    -1.7888500    0.0067755   -1.8156700 
S    -0.5775000   -1.0730100   -0.9681860 
H    -2.5401200    0.3915220   -1.1219100 
H    -2.3028900   -0.5628580   -2.5942700 
H    -1.2866600    0.8562300   -2.2821400 
C     2.7717000    0.9164140    2.0691000 
S     1.5287200    1.9767600    1.2461600 
H     3.5249200    1.5486600    2.5458700 
H     2.3192300    0.2854700    2.8379700 
H     3.2679200    0.2713340    1.3425700 
15
GEOM_190_244
C    -0.8067180    0.0475439    1.5251484 
S     0.3116624    0.2691858    0.0786324 
H    -0.2255019   -0.2220590    2.4060774 
H    -1.4979938   -0.7535269    1.2757967 
H    -1.3445395    0.9720244    1.7264612 
C    -1.7790900    0.0209031   -1.8054100 
S    -0.5677430   -1.0588900   -0.9579280 
H    -2.5303600    0.4056500   -1.1116500 
H    -2.2931400   -0.5487300   -2.5840100 
H    -1.2769100    0.8703580   -2.2718800 
C     2.7912100    0.9446690    2.0896200 
S     1.5482300    2.0050200    1.2666800 
H     3.5444300    1.5769200    2.5663800 
H     2.3387500    0.3137250    2.8584800 
H     3.2874400    0.2995890    1.3630900 
15
GEOM_192_242
C    -0.8067180    0.0475439    1.5251484 
S     0.3116624    0.2691858    0.0786324 
H    -0.2255019   -0.2220590    2.4060774 
H    -1.4979938   -0.7535269    1.2757967 
H    -1.3445395    0.9720244    1.7264612 
C    -1.7888500    0.0067755   -1.8156700 
S    -0.5775000   -1.0730100   -0.9681860 
H    -2.5401200    0.3915220   -1.1219100 
H    -2.3028900   -0.5628580   -2.5942700 
H    -1.2866600    0.8562300   -2.2821400 
C     2.7814500    0.9305410    2.0793600 
S     1.5384700    1.9908900    1.2564200 
H     3.5346800    1.5627900    2.5561300 
H     2.3289900    0.2995980    2.8482300 
H     3.2776800    0.2854610    1.3528300 
15
GEOM_190_246
C    -0.8067180    0.0475439    1.5251484 
S     0.3116624    0.2691858    0.0786324 
H    -0.2255019   -0.2220590    2.4060774 
H    -1.4979938   -0.7535269    1.2757967 
H    -1.3445395    0.9720244    1.7264612 
C    -1.7790900    0.0209031   -1.8054100 
S    -0.5677430   -1.0588900   -0.9579280 
H    -2.5303600    0.4056500   -1.1116500 
H    -2.2931400   -0.5487300   -2.5840100 
H    -1.2769100    0.8703580   -2.2718800 
C     2.8009700    0.9587970    2.0998800 
S     1.5579900    2.0191400    1.2769300 
H     3.5541900    1.5910400    2.5766400 
H     2.3485000    0.3278530    2.8687400 
H     3.2971900    0.3137170    1.3733400 
15
GEOM_192_244
C    -0.8067180    0.0475439    1.5251484 
S     0.3116624    0.2691858    0.0786324 
H    -0.2255019   -0.2220590    2.4060774 
H    -1.4979938   -0.7535269    1.2757967 
H    -1.3445395    0.9720244    1.7264612 
C    -1.7888500    0.0067755   -1.8156700 
S    -0.5775000   -1.0730100   -0.9681860 
H    -2.5401200    0.3915220   -1.1219100 
H    -2.3028900   -0.5628580   -2.5942700 
H    -1.2866600    0.8562300   -2.2821400 
C     2.7912100    0.9446690    2.0896200 
S     1.5482300    2.0050200    1.2666800 
H     3.5444300    1.5769200    2.5663800 
H     2.3387500    0.3137250    2.8584800 
H     3.2874400    0.2995890    1.3630900 
15
GEOM_190_248
C    -0.8067180    0.0475439    1.5251484 
S     0.3116624    0.2691858    0.0786324 
H    -0.2255019   -0.2220590    2.4060774 
H    -1.4979938   -0.7535269    1.2757967 
H    -1.3445395    0.9720244    1.7264612 
C    -1.7790900    0.0209031   -1.8054100 
S    -0.5677430   -1.0588900   -0.9579280 
H    -2.5303600    0.4056500   -1.1116500 
H    -2.2931400   -0.5487300   -2.5840100 
H    -1.2769100    0.8703580   -2.2718800 
C     2.8107200    0.9729240    2.1101300 
S     1.5677400    2.0332700    1.2871900 
H     3.5639500    1.6051700    2.5869000 
H     2.3582600    0.3419800    2.8790000 
H     3.3069500    0.3278440    1.3836000 
15
GEOM_192_246
C    -0.8067180    0.0475439    1.5251484 
S     0.3116624    0.2691858    0.0786324 
H    -0.2255019   -0.2220590    2.4060774 
H    -1.4979938   -0.7535269    1.2757967 
H    -1.3445395    0.9720244    1.7264612 
C    -1.7888500    0.0067755   -1.8156700 
S    -0.5775000   -1.0730100   -0.9681860 
H    -2.5401200    0.3915220   -1.1219100 
H    -2.3028900   -0.5628580   -2.5942700 
H    -1.2866600    0.8562300   -2.2821400 
C     2.8009700    0.9587970    2.0998800 
S     1.5579900    2.0191400    1.2769300 
H     3.5541900    1.5910400    2.5766400 
H     2.3485000    0.3278530    2.8687400 
H     3.2971900    0.3137170    1.3733400 
15
GEOM_190_250
C    -0.8067180    0.0475439    1.5251484 
S     0.3116624    0.2691858    0.0786324 
H    -0.2255019   -0.2220590    2.4060774 
H    -1.4979938   -0.7535269    1.2757967 
H    -1.3445395    0.9720244    1.7264612 
C    -1.7790900    0.0209031   -1.8054100 
S    -0.5677430   -1.0588900   -0.9579280 
H    -2.5303600    0.4056500   -1.1116500 
H    -2.2931400   -0.5487300   -2.5840100 
H    -1.2769100    0.8703580   -2.2718800 
C     2.8204800    0.9870520    2.1203900 
S     1.5775000    2.0474000    1.2974500 
H     3.5737000    1.6193000    2.5971600 
H     2.3680200    0.3561080    2.8892600 
H     3.3167100    0.3419720    1.3938600 
15
GEOM_190_252
C    -0.8067180    0.0475439    1.5251484 
S     0.3116624    0.2691858    0.0786324 
H    -0.2255019   -0.2220590    2.4060774 
H    -1.4979938   -0.7535269    1.2757967 
H    -1.3445395    0.9720244    1.7264612 
C    -1.7790900    0.0209031   -1.8054100 
S    -0.5677430   -1.0588900   -0.9579280 
H    -2.5303600    0.4056500   -1.1116500 
H    -2.2931400   -0.5487300   -2.5840100 
H    -1.2769100    0.8703580   -2.2718800 
C     2.8302400    1.0011800    2.1306500 
S     1.5872600    2.0615300    1.3077100 
H     3.5834600    1.6334300    2.6074100 
H     2.3777700    0.3702360    2.8995100 
H     3.3264600    0.3560990    1.4041200 
15
GEOM_190_254
C    -0.8067180    0.0475439    1.5251484 
S     0.3116624    0.2691858    0.0786324 
H    -0.2255019   -0.2220590    2.4060774 
H    -1.4979938   -0.7535269    1.2757967 
H    -1.3445395    0.9720244    1.7264612 
C    -1.7790900    0.0209031   -1.8054100 
S    -0.5677430   -1.0588900   -0.9579280 
H    -2.5303600    0.4056500   -1.1116500 
H    -2.2931400   -0.5487300   -2.5840100 
H    -1.2769100    0.8703580   -2.2718800 
C     2.8399900    1.0153100    2.1409100 
S     1.5970100    2.0756500    1.3179600 
H     3.5932200    1.6475500    2.6176700 
H     2.3875300    0.3843630    2.9097700 
H     3.3362200    0.3702270    1.4143700 
15
GEOM_190_256
C    -0.8067180    0.0475439    1.5251484 
S     0.3116624    0.2691858    0.0786324 
H    -0.2255019   -0.2220590    2.4060774 
H    -1.4979938   -0.7535269    1.2757967 
H    -1.3445395    0.9720244    1.7264612 
C    -1.7790900    0.0209031   -1.8054100 
S    -0.5677430   -1.0588900   -0.9579280 
H    -2.5303600    0.4056500   -1.1116500 
H    -2.2931400   -0.5487300   -2.5840100 
H    -1.2769100    0.8703580   -2.2718800 
C     2.8497500    1.0294300    2.1511600 
S     1.6067700    2.0897800    1.3282200 
H     3.6029700    1.6616800    2.6279300 
H     2.3972900    0.3984910    2.9200300 
H     3.3459800    0.3843550    1.4246300 
15
GEOM_190_258
C    -0.8067180    0.0475439    1.5251484 
S     0.3116624    0.2691858    0.0786324 
H    -0.2255019   -0.2220590    2.4060774 
H    -1.4979938   -0.7535269    1.2757967 
H    -1.3445395    0.9720244    1.7264612 
C    -1.7790900    0.0209031   -1.8054100 
S    -0.5677430   -1.0588900   -0.9579280 
H    -2.5303600    0.4056500   -1.1116500 
H    -2.2931400   -0.5487300   -2.5840100 
H    -1.2769100    0.8703580   -2.2718800 
C     2.8595100    1.0435600    2.1614200 
S     1.6165300    2.1039100    1.3384800 
H     3.6127300    1.6758100    2.6381900 
H     2.4070400    0.4126180    2.9302900 
H     3.3557300    0.3984820    1.4348900 
15
GEOM_190_260
C    -0.8067180    0.0475439    1.5251484 
S     0.3116624    0.2691858    0.0786324 
H    -0.2255019   -0.2220590    2.4060774 
H    -1.4979938   -0.7535269    1.2757967 
H    -1.3445395    0.9720244    1.7264612 
C    -1.7790900    0.0209031   -1.8054100 
S    -0.5677430   -1.0588900   -0.9579280 
H    -2.5303600    0.4056500   -1.1116500 
H    -2.2931400   -0.5487300   -2.5840100 
H    -1.2769100    0.8703580   -2.2718800 
C     2.8692600    1.0576900    2.1716800 
S     1.6262800    2.1180400    1.3487400 
H     3.6224900    1.6899400    2.6484400 
H     2.4168000    0.4267460    2.9405500 
H     3.3654900    0.4126100    1.4451500 
15
GEOM_190_262
C    -0.8067180    0.0475439    1.5251484 
S     0.3116624    0.2691858    0.0786324 
H    -0.2255019   -0.2220590    2.4060774 
H    -1.4979938   -0.7535269    1.2757967 
H    -1.3445395    0.9720244    1.7264612 
C    -1.7790900    0.0209031   -1.8054100 
S    -0.5677430   -1.0588900   -0.9579280 
H    -2.5303600    0.4056500   -1.1116500 
H    -2.2931400   -0.5487300   -2.5840100 
H    -1.2769100    0.8703580   -2.2718800 
C     2.8790200    1.0718200    2.1819400 
S     1.6360400    2.1321600    1.3589900 
H     3.6322400    1.7040700    2.6587000 
H     2.4265600    0.4408740    2.9508000 
H     3.3752500    0.4267370    1.4554000 
15
GEOM_190_264
C    -0.8067180    0.0475439    1.5251484 
S     0.3116624    0.2691858    0.0786324 
H    -0.2255019   -0.2220590    2.4060774 
H    -1.4979938   -0.7535269    1.2757967 
H    -1.3445395    0.9720244    1.7264612 
C    -1.7790900    0.0209031   -1.8054100 
S    -0.5677430   -1.0588900   -0.9579280 
H    -2.5303600    0.4056500   -1.1116500 
H    -2.2931400   -0.5487300   -2.5840100 
H    -1.2769100    0.8703580   -2.2718800 
C     2.8887800    1.0859400    2.1922000 
S     1.6458000    2.1462900    1.3692500 
H     3.6420000    1.7181900    2.6689600 
H     2.4363100    0.4550010    2.9610600 
H     3.3850000    0.4408650    1.4656600 
15
GEOM_190_266
C    -0.8067180    0.0475439    1.5251484 
S     0.3116624    0.2691858    0.0786324 
H    -0.2255019   -0.2220590    2.4060774 
H    -1.4979938   -0.7535269    1.2757967 
H    -1.3445395    0.9720244    1.7264612 
C    -1.7790900    0.0209031   -1.8054100 
S    -0.5677430   -1.0588900   -0.9579280 
H    -2.5303600    0.4056500   -1.1116500 
H    -2.2931400   -0.5487300   -2.5840100 
H    -1.2769100    0.8703580   -2.2718800 
C     2.8985300    1.1000700    2.2024500 
S     1.6555500    2.1604200    1.3795100 
H     3.6517600    1.7323200    2.6792200 
H     2.4460700    0.4691290    2.9713200 
H     3.3947600    0.4549930    1.4759200 
15
GEOM_190_268
C    -0.8067180    0.0475439    1.5251484 
S     0.3116624    0.2691858    0.0786324 
H    -0.2255019   -0.2220590    2.4060774 
H    -1.4979938   -0.7535269    1.2757967 
H    -1.3445395    0.9720244    1.7264612 
C    -1.7790900    0.0209031   -1.8054100 
S    -0.5677430   -1.0588900   -0.9579280 
H    -2.5303600    0.4056500   -1.1116500 
H    -2.2931400   -0.5487300   -2.5840100 
H    -1.2769100    0.8703580   -2.2718800 
C     2.9082900    1.1142000    2.2127100 
S     1.6653100    2.1745500    1.3897700 
H     3.6615100    1.7464500    2.6894700 
H     2.4558300    0.4832560    2.9815800 
H     3.4045200    0.4691200    1.4861800 
15
GEOM_190_270
C    -0.8067180    0.0475439    1.5251484 
S     0.3116624    0.2691858    0.0786324 
H    -0.2255019   -0.2220590    2.4060774 
H    -1.4979938   -0.7535269    1.2757967 
H    -1.3445395    0.9720244    1.7264612 
C    -1.7790900    0.0209031   -1.8054100 
S    -0.5677430   -1.0588900   -0.9579280 
H    -2.5303600    0.4056500   -1.1116500 
H    -2.2931400   -0.5487300   -2.5840100 
H    -1.2769100    0.8703580   -2.2718800 
C     2.9180500    1.1283300    2.2229700 
S     1.6750600    2.1886800    1.4000200 
H     3.6712700    1.7605800    2.6997300 
H     2.4655800    0.4973840    2.9918300 
H     3.4142700    0.4832480    1.4964300 
15
GEOM_190_272
C    -0.8067180    0.0475439    1.5251484 
S     0.3116624    0.2691858    0.0786324 
H    -0.2255019   -0.2220590    2.4060774 
H    -1.4979938   -0.7535269    1.2757967 
H    -1.3445395    0.9720244    1.7264612 
C    -1.7790900    0.0209031   -1.8054100 
S    -0.5677430   -1.0588900   -0.9579280 
H    -2.5303600    0.4056500   -1.1116500 
H    -2.2931400   -0.5487300   -2.5840100 
H    -1.2769100    0.8703580   -2.2718800 
C     2.9278000    1.1424600    2.2332300 
S     1.6848200    2.2028000    1.4102800 
H     3.6810300    1.7747000    2.7099900 
H     2.4753400    0.5115120    3.0020900 
H     3.4240300    0.4973750    1.5066900 
15
GEOM_190_274
C    -0.8067180    0.0475439    1.5251484 
S     0.3116624    0.2691858    0.0786324 
H    -0.2255019   -0.2220590    2.4060774 
H    -1.4979938   -0.7535269    1.2757967 
H    -1.3445395    0.9720244    1.7264612 
C    -1.7790900    0.0209031   -1.8054100 
S    -0.5677430   -1.0588900   -0.9579280 
H    -2.5303600    0.4056500   -1.1116500 
H    -2.2931400   -0.5487300   -2.5840100 
H    -1.2769100    0.8703580   -2.2718800 
C     2.9375600    1.1565800    2.2434800 
S     1.6945800    2.2169300    1.4205400 
H     3.6907800    1.7888300    2.7202500 
H     2.4851000    0.5256390    3.0123500 
H     3.4337900    0.5115030    1.5169500 
15
GEOM_190_330
C    -0.8067180    0.0475439    1.5251484 
S     0.3116624    0.2691858    0.0786324 
H    -0.2255019   -0.2220590    2.4060774 
H    -1.4979938   -0.7535269    1.2757967 
H    -1.3445395    0.9720244    1.7264612 
C    -1.7790900    0.0209031   -1.8054100 
S    -0.5677430   -1.0588900   -0.9579280 
H    -2.5303600    0.4056500   -1.1116500 
H    -2.2931400   -0.5487300   -2.5840100 
H    -1.2769100    0.8703580   -2.2718800 
C     3.2107400    1.5521600    2.5307000 
S     1.9677600    2.6125000    1.7077500 
H     3.9639700    2.1844000    3.0074600 
H     2.7582800    0.9212120    3.2995600 
H     3.7069700    0.9070760    1.8041600 
15
GEOM_190_276
C    -0.8067180    0.0475439    1.5251484 
S     0.3116624    0.2691858    0.0786324 
H    -0.2255019   -0.2220590    2.4060774 
H    -1.4979938   -0.7535269    1.2757967 
H    -1.3445395    0.9720244    1.7264612 
C    -1.7790900    0.0209031   -1.8054100 
S    -0.5677430   -1.0588900   -0.9579280 
H    -2.5303600    0.4056500   -1.1116500 
H    -2.2931400   -0.5487300   -2.5840100 
H    -1.2769100    0.8703580   -2.2718800 
C     2.9473200    1.1707100    2.2537400 
S     1.7043300    2.2310600    1.4308000 
H     3.7005400    1.8029600    2.7305100 
H     2.4948500    0.5397670    3.0226100 
H     3.4435400    0.5256310    1.5272100 
15
GEOM_190_328
C    -0.8067180    0.0475439    1.5251484 
S     0.3116624    0.2691858    0.0786324 
H    -0.2255019   -0.2220590    2.4060774 
H    -1.4979938   -0.7535269    1.2757967 
H    -1.3445395    0.9720244    1.7264612 
C    -1.7790900    0.0209031   -1.8054100 
S    -0.5677430   -1.0588900   -0.9579280 
H    -2.5303600    0.4056500   -1.1116500 
H    -2.2931400   -0.5487300   -2.5840100 
H    -1.2769100    0.8703580   -2.2718800 
C     3.2009900    1.5380300    2.5204400 
S     1.9580100    2.5983800    1.6974900 
H     3.9542100    2.1702800    2.9972000 
H     2.7485200    0.9070840    3.2893000 
H     3.6972100    0.8929480    1.7939000 
15
GEOM_190_326
C    -0.8067180    0.0475439    1.5251484 
S     0.3116624    0.2691858    0.0786324 
H    -0.2255019   -0.2220590    2.4060774 
H    -1.4979938   -0.7535269    1.2757967 
H    -1.3445395    0.9720244    1.7264612 
C    -1.7790900    0.0209031   -1.8054100 
S    -0.5677430   -1.0588900   -0.9579280 
H    -2.5303600    0.4056500   -1.1116500 
H    -2.2931400   -0.5487300   -2.5840100 
H    -1.2769100    0.8703580   -2.2718800 
C     3.1912300    1.5239000    2.5101800 
S     1.9482500    2.5842500    1.6872400 
H     3.9444500    2.1561500    2.9869500 
H     2.7387700    0.8929570    3.2790500 
H     3.6874600    0.8788210    1.7836500 
15
GEOM_190_324
C    -0.8067180    0.0475439    1.5251484 
S     0.3116624    0.2691858    0.0786324 
H    -0.2255019   -0.2220590    2.4060774 
H    -1.4979938   -0.7535269    1.2757967 
H    -1.3445395    0.9720244    1.7264612 
C    -1.7790900    0.0209031   -1.8054100 
S    -0.5677430   -1.0588900   -0.9579280 
H    -2.5303600    0.4056500   -1.1116500 
H    -2.2931400   -0.5487300   -2.5840100 
H    -1.2769100    0.8703580   -2.2718800 
C     3.1814700    1.5097700    2.4999200 
S     1.9384900    2.5701200    1.6769800 
H     3.9347000    2.1420200    2.9766900 
H     2.7290100    0.8788290    3.2687900 
H     3.6777000    0.8646930    1.7733900 
15
GEOM_190_278
C    -0.8067180    0.0475439    1.5251484 
S     0.3116624    0.2691858    0.0786324 
H    -0.2255019   -0.2220590    2.4060774 
H    -1.4979938   -0.7535269    1.2757967 
H    -1.3445395    0.9720244    1.7264612 
C    -1.7790900    0.0209031   -1.8054100 
S    -0.5677430   -1.0588900   -0.9579280 
H    -2.5303600    0.4056500   -1.1116500 
H    -2.2931400   -0.5487300   -2.5840100 
H    -1.2769100    0.8703580   -2.2718800 
C     2.9570700    1.1848400    2.2640000 
S     1.7140900    2.2451900    1.4410500 
H     3.7103000    1.8170900    2.7407600 
H     2.5046100    0.5538940    3.0328600 
H     3.4533000    0.5397580    1.5374600 
15
GEOM_190_322
C    -0.8067180    0.0475439    1.5251484 
S     0.3116624    0.2691858    0.0786324 
H    -0.2255019   -0.2220590    2.4060774 
H    -1.4979938   -0.7535269    1.2757967 
H    -1.3445395    0.9720244    1.7264612 
C    -1.7790900    0.0209031   -1.8054100 
S    -0.5677430   -1.0588900   -0.9579280 
H    -2.5303600    0.4056500   -1.1116500 
H    -2.2931400   -0.5487300   -2.5840100 
H    -1.2769100    0.8703580   -2.2718800 
C     3.1717200    1.4956500    2.4896700 
S     1.9287400    2.5559900    1.6667200 
H     3.9249400    2.1278900    2.9664300 
H     2.7192500    0.8647020    3.2585300 
H     3.6679500    0.8505650    1.7631300 
15
GEOM_190_320
C    -0.8067180    0.0475439    1.5251484 
S     0.3116624    0.2691858    0.0786324 
H    -0.2255019   -0.2220590    2.4060774 
H    -1.4979938   -0.7535269    1.2757967 
H    -1.3445395    0.9720244    1.7264612 
C    -1.7790900    0.0209031   -1.8054100 
S    -0.5677430   -1.0588900   -0.9579280 
H    -2.5303600    0.4056500   -1.1116500 
H    -2.2931400   -0.5487300   -2.5840100 
H    -1.2769100    0.8703580   -2.2718800 
C     3.1619600    1.4815200    2.4794100 
S     1.9189800    2.5418700    1.6564600 
H     3.9151800    2.1137700    2.9561700 
H     2.7095000    0.8505740    3.2482700 
H     3.6581900    0.8364380    1.7528700 
15
GEOM_190_318
C    -0.8067180    0.0475439    1.5251484 
S     0.3116624    0.2691858    0.0786324 
H    -0.2255019   -0.2220590    2.4060774 
H    -1.4979938   -0.7535269    1.2757967 
H    -1.3445395    0.9720244    1.7264612 
C    -1.7790900    0.0209031   -1.8054100 
S    -0.5677430   -1.0588900   -0.9579280 
H    -2.5303600    0.4056500   -1.1116500 
H    -2.2931400   -0.5487300   -2.5840100 
H    -1.2769100    0.8703580   -2.2718800 
C     3.1522000    1.4673900    2.4691500 
S     1.9092200    2.5277400    1.6462100 
H     3.9054300    2.0996400    2.9459100 
H     2.6997400    0.8364460    3.2380200 
H     3.6484300    0.8223100    1.7426200 
15
GEOM_190_280
C    -0.8067180    0.0475439    1.5251484 
S     0.3116624    0.2691858    0.0786324 
H    -0.2255019   -0.2220590    2.4060774 
H    -1.4979938   -0.7535269    1.2757967 
H    -1.3445395    0.9720244    1.7264612 
C    -1.7790900    0.0209031   -1.8054100 
S    -0.5677430   -1.0588900   -0.9579280 
H    -2.5303600    0.4056500   -1.1116500 
H    -2.2931400   -0.5487300   -2.5840100 
H    -1.2769100    0.8703580   -2.2718800 
C     2.9668300    1.1989700    2.2742600 
S     1.7238500    2.2593100    1.4513100 
H     3.7200500    1.8312100    2.7510200 
H     2.5143700    0.5680220    3.0431200 
H     3.4630600    0.5538860    1.5477200 
15
GEOM_190_316
C    -0.8067180    0.0475439    1.5251484 
S     0.3116624    0.2691858    0.0786324 
H    -0.2255019   -0.2220590    2.4060774 
H    -1.4979938   -0.7535269    1.2757967 
H    -1.3445395    0.9720244    1.7264612 
C    -1.7790900    0.0209031   -1.8054100 
S    -0.5677430   -1.0588900   -0.9579280 
H    -2.5303600    0.4056500   -1.1116500 
H    -2.2931400   -0.5487300   -2.5840100 
H    -1.2769100    0.8703580   -2.2718800 
C     3.1424500    1.4532600    2.4588900 
S     1.8994700    2.5136100    1.6359500 
H     3.8956700    2.0855100    2.9356600 
H     2.6899800    0.8223190    3.2277600 
H     3.6386800    0.8081830    1.7323600 
15
GEOM_190_314
C    -0.8067180    0.0475439    1.5251484 
S     0.3116624    0.2691858    0.0786324 
H    -0.2255019   -0.2220590    2.4060774 
H    -1.4979938   -0.7535269    1.2757967 
H    -1.3445395    0.9720244    1.7264612 
C    -1.7790900    0.0209031   -1.8054100 
S    -0.5677430   -1.0588900   -0.9579280 
H    -2.5303600    0.4056500   -1.1116500 
H    -2.2931400   -0.5487300   -2.5840100 
H    -1.2769100    0.8703580   -2.2718800 
C     3.1326900    1.4391300    2.4486400 
S     1.8897100    2.4994800    1.6256900 
H     3.8859100    2.0713800    2.9254000 
H     2.6802300    0.8081910    3.2175000 
H     3.6289200    0.7940550    1.7221000 
15
GEOM_190_282
C    -0.8067180    0.0475439    1.5251484 
S     0.3116624    0.2691858    0.0786324 
H    -0.2255019   -0.2220590    2.4060774 
H    -1.4979938   -0.7535269    1.2757967 
H    -1.3445395    0.9720244    1.7264612 
C    -1.7790900    0.0209031   -1.8054100 
S    -0.5677430   -1.0588900   -0.9579280 
H    -2.5303600    0.4056500   -1.1116500 
H    -2.2931400   -0.5487300   -2.5840100 
H    -1.2769100    0.8703580   -2.2718800 
C     2.9765900    1.2130900    2.2845100 
S     1.7336000    2.2734400    1.4615700 
H     3.7298100    1.8453400    2.7612800 
H     2.5241200    0.5821500    3.0533800 
H     3.4728100    0.5680130    1.5579800 
15
GEOM_190_312
C    -0.8067180    0.0475439    1.5251484 
S     0.3116624    0.2691858    0.0786324 
H    -0.2255019   -0.2220590    2.4060774 
H    -1.4979938   -0.7535269    1.2757967 
H    -1.3445395    0.9720244    1.7264612 
C    -1.7790900    0.0209031   -1.8054100 
S    -0.5677430   -1.0588900   -0.9579280 
H    -2.5303600    0.4056500   -1.1116500 
H    -2.2931400   -0.5487300   -2.5840100 
H    -1.2769100    0.8703580   -2.2718800 
C     3.1229300    1.4250100    2.4383800 
S     1.8799500    2.4853500    1.6154300 
H     3.8761600    2.0572600    2.9151400 
H     2.6704700    0.7940640    3.2072400 
H     3.6191600    0.7799270    1.7118400 
15
GEOM_190_310
C    -0.8067180    0.0475439    1.5251484 
S     0.3116624    0.2691858    0.0786324 
H    -0.2255019   -0.2220590    2.4060774 
H    -1.4979938   -0.7535269    1.2757967 
H    -1.3445395    0.9720244    1.7264612 
C    -1.7790900    0.0209031   -1.8054100 
S    -0.5677430   -1.0588900   -0.9579280 
H    -2.5303600    0.4056500   -1.1116500 
H    -2.2931400   -0.5487300   -2.5840100 
H    -1.2769100    0.8703580   -2.2718800 
C     3.1131800    1.4108800    2.4281200 
S     1.8702000    2.4712300    1.6051800 
H     3.8664000    2.0431300    2.9048800 
H     2.6607200    0.7799360    3.1969900 
H     3.6094100    0.7658000    1.7015900 
15
GEOM_190_284
C    -0.8067180    0.0475439    1.5251484 
S     0.3116624    0.2691858    0.0786324 
H    -0.2255019   -0.2220590    2.4060774 
H    -1.4979938   -0.7535269    1.2757967 
H    -1.3445395    0.9720244    1.7264612 
C    -1.7790900    0.0209031   -1.8054100 
S    -0.5677430   -1.0588900   -0.9579280 
H    -2.5303600    0.4056500   -1.1116500 
H    -2.2931400   -0.5487300   -2.5840100 
H    -1.2769100    0.8703580   -2.2718800 
C     2.9863400    1.2272200    2.2947700 
S     1.7433600    2.2875700    1.4718300 
H     3.7395700    1.8594700    2.7715400 
H     2.5338800    0.5962770    3.0636400 
H     3.4825700    0.5821410    1.5682400 
15
GEOM_190_308
C    -0.8067180    0.0475439    1.5251484 
S     0.3116624    0.2691858    0.0786324 
H    -0.2255019   -0.2220590    2.4060774 
H    -1.4979938   -0.7535269    1.2757967 
H    -1.3445395    0.9720244    1.7264612 
C    -1.7790900    0.0209031   -1.8054100 
S    -0.5677430   -1.0588900   -0.9579280 
H    -2.5303600    0.4056500   -1.1116500 
H    -2.2931400   -0.5487300   -2.5840100 
H    -1.2769100    0.8703580   -2.2718800 
C     3.1034200    1.3967500    2.4178600 
S     1.8604400    2.4571000    1.5949200 
H     3.8566500    2.0290000    2.8946300 
H     2.6509600    0.7658080    3.1867300 
H     3.5996500    0.7516720    1.6913300 
15
GEOM_190_306
C    -0.8067180    0.0475439    1.5251484 
S     0.3116624    0.2691858    0.0786324 
H    -0.2255019   -0.2220590    2.4060774 
H    -1.4979938   -0.7535269    1.2757967 
H    -1.3445395    0.9720244    1.7264612 
C    -1.7790900    0.0209031   -1.8054100 
S    -0.5677430   -1.0588900   -0.9579280 
H    -2.5303600    0.4056500   -1.1116500 
H    -2.2931400   -0.5487300   -2.5840100 
H    -1.2769100    0.8703580   -2.2718800 
C     3.0936700    1.3826200    2.4076000 
S     1.8506800    2.4429700    1.5846600 
H     3.8468900    2.0148700    2.8843700 
H     2.6412000    0.7516810    3.1764700 
H     3.5898900    0.7375450    1.6810700 
15
GEOM_190_286
C    -0.8067180    0.0475439    1.5251484 
S     0.3116624    0.2691858    0.0786324 
H    -0.2255019   -0.2220590    2.4060774 
H    -1.4979938   -0.7535269    1.2757967 
H    -1.3445395    0.9720244    1.7264612 
C    -1.7790900    0.0209031   -1.8054100 
S    -0.5677430   -1.0588900   -0.9579280 
H    -2.5303600    0.4056500   -1.1116500 
H    -2.2931400   -0.5487300   -2.5840100 
H    -1.2769100    0.8703580   -2.2718800 
C     2.9961000    1.2413500    2.3050300 
S     1.7531200    2.3017000    1.4820800 
H     3.7493200    1.8736000    2.7817900 
H     2.5436400    0.6104050    3.0738900 
H     3.4923300    0.5962690    1.5784900 
15
GEOM_190_304
C    -0.8067180    0.0475439    1.5251484 
S     0.3116624    0.2691858    0.0786324 
H    -0.2255019   -0.2220590    2.4060774 
H    -1.4979938   -0.7535269    1.2757967 
H    -1.3445395    0.9720244    1.7264612 
C    -1.7790900    0.0209031   -1.8054100 
S    -0.5677430   -1.0588900   -0.9579280 
H    -2.5303600    0.4056500   -1.1116500 
H    -2.2931400   -0.5487300   -2.5840100 
H    -1.2769100    0.8703580   -2.2718800 
C     3.0839100    1.3685000    2.3973500 
S     1.8409300    2.4288400    1.5744000 
H     3.8371300    2.0007400    2.8741100 
H     2.6314500    0.7375530    3.1662100 
H     3.5801400    0.7234170    1.6708100 
15
GEOM_190_302
C    -0.8067180    0.0475439    1.5251484 
S     0.3116624    0.2691858    0.0786324 
H    -0.2255019   -0.2220590    2.4060774 
H    -1.4979938   -0.7535269    1.2757967 
H    -1.3445395    0.9720244    1.7264612 
C    -1.7790900    0.0209031   -1.8054100 
S    -0.5677430   -1.0588900   -0.9579280 
H    -2.5303600    0.4056500   -1.1116500 
H    -2.2931400   -0.5487300   -2.5840100 
H    -1.2769100    0.8703580   -2.2718800 
C     3.0741500    1.3543700    2.3870900 
S     1.8311700    2.4147200    1.5641500 
H     3.8273800    1.9866200    2.8638500 
H     2.6216900    0.7234260    3.1559500 
H     3.5703800    0.7092890    1.6605600 
15
GEOM_190_288
C    -0.8067180    0.0475439    1.5251484 
S     0.3116624    0.2691858    0.0786324 
H    -0.2255019   -0.2220590    2.4060774 
H    -1.4979938   -0.7535269    1.2757967 
H    -1.3445395    0.9720244    1.7264612 
C    -1.7790900    0.0209031   -1.8054100 
S    -0.5677430   -1.0588900   -0.9579280 
H    -2.5303600    0.4056500   -1.1116500 
H    -2.2931400   -0.5487300   -2.5840100 
H    -1.2769100    0.8703580   -2.2718800 
C     3.0058600    1.2554800    2.3152900 
S     1.7628700    2.3158200    1.4923400 
H     3.7590800    1.8877200    2.7920500 
H     2.5533900    0.6245320    3.0841500 
H     3.5020800    0.6103960    1.5887500 
15
GEOM_190_300
C    -0.8067180    0.0475439    1.5251484 
S     0.3116624    0.2691858    0.0786324 
H    -0.2255019   -0.2220590    2.4060774 
H    -1.4979938   -0.7535269    1.2757967 
H    -1.3445395    0.9720244    1.7264612 
C    -1.7790900    0.0209031   -1.8054100 
S    -0.5677430   -1.0588900   -0.9579280 
H    -2.5303600    0.4056500   -1.1116500 
H    -2.2931400   -0.5487300   -2.5840100 
H    -1.2769100    0.8703580   -2.2718800 
C     3.0644000    1.3402400    2.3768300 
S     1.8214100    2.4005900    1.5538900 
H     3.8176200    1.9724900    2.8536000 
H     2.6119300    0.7092980    3.1457000 
H     3.5606200    0.6951620    1.6503000 
15
GEOM_190_290
C    -0.8067180    0.0475439    1.5251484 
S     0.3116624    0.2691858    0.0786324 
H    -0.2255019   -0.2220590    2.4060774 
H    -1.4979938   -0.7535269    1.2757967 
H    -1.3445395    0.9720244    1.7264612 
C    -1.7790900    0.0209031   -1.8054100 
S    -0.5677430   -1.0588900   -0.9579280 
H    -2.5303600    0.4056500   -1.1116500 
H    -2.2931400   -0.5487300   -2.5840100 
H    -1.2769100    0.8703580   -2.2718800 
C     3.0156100    1.2696000    2.3255400 
S     1.7726300    2.3299500    1.5026000 
H     3.7688400    1.9018500    2.8023100 
H     2.5631500    0.6386600    3.0944100 
H     3.5118400    0.6245240    1.5990100 
15
GEOM_190_298
C    -0.8067180    0.0475439    1.5251484 
S     0.3116624    0.2691858    0.0786324 
H    -0.2255019   -0.2220590    2.4060774 
H    -1.4979938   -0.7535269    1.2757967 
H    -1.3445395    0.9720244    1.7264612 
C    -1.7790900    0.0209031   -1.8054100 
S    -0.5677430   -1.0588900   -0.9579280 
H    -2.5303600    0.4056500   -1.1116500 
H    -2.2931400   -0.5487300   -2.5840100 
H    -1.2769100    0.8703580   -2.2718800 
C     3.0546400    1.3261100    2.3665700 
S     1.8116600    2.3864600    1.5436300 
H     3.8078600    1.9583600    2.8433400 
H     2.6021800    0.6951700    3.1354400 
H     3.5508700    0.6810340    1.6400400 
15
GEOM_190_292
C    -0.8067180    0.0475439    1.5251484 
S     0.3116624    0.2691858    0.0786324 
H    -0.2255019   -0.2220590    2.4060774 
H    -1.4979938   -0.7535269    1.2757967 
H    -1.3445395    0.9720244    1.7264612 
C    -1.7790900    0.0209031   -1.8054100 
S    -0.5677430   -1.0588900   -0.9579280 
H    -2.5303600    0.4056500   -1.1116500 
H    -2.2931400   -0.5487300   -2.5840100 
H    -1.2769100    0.8703580   -2.2718800 
C     3.0253700    1.2837300    2.3358000 
S     1.7823900    2.3440800    1.5128600 
H     3.7785900    1.9159800    2.8125700 
H     2.5729100    0.6527880    3.1046700 
H     3.5216000    0.6386510    1.6092700 
15
GEOM_190_296
C    -0.8067180    0.0475439    1.5251484 
S     0.3116624    0.2691858    0.0786324 
H    -0.2255019   -0.2220590    2.4060774 
H    -1.4979938   -0.7535269    1.2757967 
H    -1.3445395    0.9720244    1.7264612 
C    -1.7790900    0.0209031   -1.8054100 
S    -0.5677430   -1.0588900   -0.9579280 
H    -2.5303600    0.4056500   -1.1116500 
H    -2.2931400   -0.5487300   -2.5840100 
H    -1.2769100    0.8703580   -2.2718800 
C     3.0448800    1.3119900    2.3563200 
S     1.8019000    2.3723300    1.5333700 
H     3.7981100    1.9442300    2.8330800 
H     2.5924200    0.6810430    3.1251800 
H     3.5411100    0.6669070    1.6297800 
15
GEOM_190_294
C    -0.8067180    0.0475439    1.5251484 
S     0.3116624    0.2691858    0.0786324 
H    -0.2255019   -0.2220590    2.4060774 
H    -1.4979938   -0.7535269    1.2757967 
H    -1.3445395    0.9720244    1.7264612 
C    -1.7790900    0.0209031   -1.8054100 
S    -0.5677430   -1.0588900   -0.9579280 
H    -2.5303600    0.4056500   -1.1116500 
H    -2.2931400   -0.5487300   -2.5840100 
H    -1.2769100    0.8703580   -2.2718800 
C     3.0351300    1.2978600    2.3460600 
S     1.7921400    2.3582100    1.5231200 
H     3.7883500    1.9301100    2.8228200 
H     2.5826600    0.6669150    3.1149200 
H     3.5313500    0.6527790    1.6195300 